x	y
30	0.86541
29.99	0.865412
29.98	0.865414
29.97	0.865416
29.96	0.865418
29.95	0.86542
29.94	0.865422
29.93	0.865424
29.92	0.865426
29.91	0.865428
29.9	0.86543
29.89	0.865432
29.88	0.865434
29.87	0.865436
29.86	0.865438
29.85	0.86544
29.84	0.865442
29.83	0.865444
29.82	0.865445
29.81	0.865448
29.8	0.865449
29.79	0.865452
29.78	0.865453
29.77	0.865456
29.76	0.865457
29.75	0.86546
29.74	0.865462
29.73	0.865463
29.72	0.865466
29.71	0.865468
29.7	0.86547
29.69	0.865472
29.68	0.865474
29.67	0.865476
29.66	0.865478
29.65	0.86548
29.64	0.865482
29.63	0.865484
29.62	0.865486
29.61	0.865488
29.6	0.86549
29.59	0.865492
29.58	0.865494
29.57	0.865496
29.56	0.865498
29.55	0.8655
29.54	0.865502
29.53	0.865504
29.52	0.865506
29.51	0.865508
29.5	0.86551
29.49	0.865512
29.48	0.865514
29.47	0.865516
29.46	0.865518
29.45	0.86552
29.44	0.865522
29.43	0.865524
29.42	0.865526
29.41	0.865528
29.4	0.86553
29.39	0.865533
29.38	0.865535
29.37	0.865537
29.36	0.865539
29.35	0.865541
29.34	0.865543
29.33	0.865545
29.32	0.865547
29.31	0.865549
29.3	0.865551
29.29	0.865553
29.28	0.865555
29.27	0.865557
29.26	0.865559
29.25	0.865561
29.24	0.865564
29.23	0.865566
29.22	0.865568
29.21	0.86557
29.2	0.865572
29.19	0.865574
29.18	0.865576
29.17	0.865578
29.16	0.86558
29.15	0.865582
29.14	0.865584
29.13	0.865586
29.12	0.865589
29.11	0.865591
29.1	0.865593
29.09	0.865595
29.08	0.865597
29.07	0.865599
29.06	0.865601
29.05	0.865603
29.04	0.865605
29.03	0.865607
29.02	0.86561
29.01	0.865612
29	0.865614
28.99	0.865616
28.98	0.865618
28.97	0.86562
28.96	0.865622
28.95	0.865624
28.94	0.865626
28.93	0.865629
28.92	0.865631
28.91	0.865633
28.9	0.865635
28.89	0.865637
28.88	0.865639
28.87	0.865641
28.86	0.865643
28.85	0.865646
28.84	0.865648
28.83	0.86565
28.82	0.865652
28.81	0.865654
28.8	0.865656
28.79	0.865658
28.78	0.865661
28.77	0.865663
28.76	0.865665
28.75	0.865667
28.74	0.865669
28.73	0.865671
28.72	0.865673
28.71	0.865676
28.7	0.865678
28.69	0.86568
28.68	0.865682
28.67	0.865684
28.66	0.865686
28.65	0.865689
28.64	0.865691
28.63	0.865693
28.62	0.865695
28.61	0.865697
28.6	0.865699
28.59	0.865701
28.58	0.865704
28.57	0.865706
28.56	0.865708
28.55	0.86571
28.54	0.865712
28.53	0.865715
28.52	0.865717
28.51	0.865719
28.5	0.865721
28.49	0.865723
28.48	0.865726
28.47	0.865728
28.46	0.86573
28.45	0.865732
28.44	0.865734
28.43	0.865736
28.42	0.865739
28.41	0.865741
28.4	0.865743
28.39	0.865745
28.38	0.865747
28.37	0.86575
28.36	0.865752
28.35	0.865754
28.34	0.865756
28.33	0.865758
28.32	0.865761
28.31	0.865763
28.3	0.865765
28.29	0.865767
28.28	0.86577
28.27	0.865772
28.26	0.865774
28.25	0.865776
28.24	0.865778
28.23	0.865781
28.22	0.865783
28.21	0.865785
28.2	0.865787
28.19	0.86579
28.18	0.865792
28.17	0.865794
28.16	0.865796
28.15	0.865799
28.14	0.865801
28.13	0.865803
28.12	0.865805
28.11	0.865808
28.1	0.86581
28.09	0.865812
28.08	0.865814
28.07	0.865817
28.06	0.865819
28.05	0.865821
28.04	0.865823
28.03	0.865826
28.02	0.865828
28.01	0.86583
28	0.865832
27.99	0.865835
27.98	0.865837
27.97	0.865839
27.96	0.865841
27.95	0.865844
27.94	0.865846
27.93	0.865848
27.92	0.865851
27.91	0.865853
27.9	0.865855
27.89	0.865857
27.88	0.86586
27.87	0.865862
27.86	0.865864
27.85	0.865866
27.84	0.865869
27.83	0.865871
27.82	0.865873
27.81	0.865876
27.8	0.865878
27.79	0.86588
27.78	0.865883
27.77	0.865885
27.76	0.865887
27.75	0.865889
27.74	0.865892
27.73	0.865894
27.72	0.865896
27.71	0.865899
27.7	0.865901
27.69	0.865903
27.68	0.865906
27.67	0.865908
27.66	0.86591
27.65	0.865913
27.64	0.865915
27.63	0.865917
27.62	0.86592
27.61	0.865922
27.6	0.865924
27.59	0.865927
27.58	0.865929
27.57	0.865931
27.56	0.865934
27.55	0.865936
27.54	0.865938
27.53	0.865941
27.52	0.865943
27.51	0.865945
27.5	0.865948
27.49	0.86595
27.48	0.865952
27.47	0.865955
27.46	0.865957
27.45	0.865959
27.44	0.865962
27.43	0.865964
27.42	0.865966
27.41	0.865969
27.4	0.865971
27.39	0.865974
27.38	0.865976
27.37	0.865978
27.36	0.865981
27.35	0.865983
27.34	0.865985
27.33	0.865988
27.32	0.86599
27.31	0.865993
27.3	0.865995
27.29	0.865997
27.28	0.866
27.27	0.866002
27.26	0.866005
27.25	0.866007
27.24	0.866009
27.23	0.866012
27.22	0.866014
27.21	0.866017
27.2	0.866019
27.19	0.866021
27.18	0.866024
27.17	0.866026
27.16	0.866028
27.15	0.866031
27.14	0.866033
27.13	0.866036
27.12	0.866038
27.11	0.866041
27.1	0.866043
27.09	0.866045
27.08	0.866048
27.07	0.86605
27.06	0.866053
27.05	0.866055
27.04	0.866058
27.03	0.86606
27.02	0.866062
27.01	0.866065
27	0.866067
26.99	0.86607
26.98	0.866072
26.97	0.866075
26.96	0.866077
26.95	0.866079
26.94	0.866082
26.93	0.866084
26.92	0.866087
26.91	0.866089
26.9	0.866092
26.89	0.866094
26.88	0.866097
26.87	0.866099
26.86	0.866102
26.85	0.866104
26.84	0.866106
26.83	0.866109
26.82	0.866111
26.81	0.866114
26.8	0.866116
26.79	0.866119
26.78	0.866121
26.77	0.866124
26.76	0.866126
26.75	0.866129
26.74	0.866131
26.73	0.866134
26.72	0.866136
26.71	0.866139
26.7	0.866141
26.69	0.866144
26.68	0.866146
26.67	0.866149
26.66	0.866151
26.65	0.866154
26.64	0.866156
26.63	0.866159
26.62	0.866161
26.61	0.866164
26.6	0.866166
26.59	0.866169
26.58	0.866171
26.57	0.866174
26.56	0.866176
26.55	0.866179
26.54	0.866181
26.53	0.866184
26.52	0.866186
26.51	0.866189
26.5	0.866191
26.49	0.866194
26.48	0.866196
26.47	0.866199
26.46	0.866202
26.45	0.866204
26.44	0.866207
26.43	0.866209
26.42	0.866212
26.41	0.866214
26.4	0.866217
26.39	0.866219
26.38	0.866222
26.37	0.866224
26.36	0.866227
26.35	0.86623
26.34	0.866232
26.33	0.866235
26.32	0.866237
26.31	0.86624
26.3	0.866242
26.29	0.866245
26.28	0.866248
26.27	0.86625
26.26	0.866253
26.25	0.866255
26.24	0.866258
26.23	0.86626
26.22	0.866263
26.21	0.866266
26.2	0.866268
26.19	0.866271
26.18	0.866273
26.17	0.866276
26.16	0.866279
26.15	0.866281
26.14	0.866284
26.13	0.866286
26.12	0.866289
26.11	0.866292
26.1	0.866294
26.09	0.866297
26.08	0.866299
26.07	0.866302
26.06	0.866305
26.05	0.866307
26.04	0.86631
26.03	0.866313
26.02	0.866315
26.01	0.866318
26	0.86632
25.99	0.866323
25.98	0.866326
25.97	0.866328
25.96	0.866331
25.95	0.866334
25.94	0.866336
25.93	0.866339
25.92	0.866341
25.91	0.866344
25.9	0.866347
25.89	0.866349
25.88	0.866352
25.87	0.866355
25.86	0.866357
25.85	0.86636
25.84	0.866363
25.83	0.866365
25.82	0.866368
25.81	0.866371
25.8	0.866373
25.79	0.866376
25.78	0.866379
25.77	0.866381
25.76	0.866384
25.75	0.866387
25.74	0.866389
25.73	0.866392
25.72	0.866395
25.71	0.866397
25.7	0.8664
25.69	0.866403
25.68	0.866406
25.67	0.866408
25.66	0.866411
25.65	0.866414
25.64	0.866416
25.63	0.866419
25.62	0.866422
25.61	0.866424
25.6	0.866427
25.59	0.86643
25.58	0.866433
25.57	0.866435
25.56	0.866438
25.55	0.866441
25.54	0.866443
25.53	0.866446
25.52	0.866449
25.51	0.866452
25.5	0.866454
25.49	0.866457
25.48	0.86646
25.47	0.866463
25.46	0.866465
25.45	0.866468
25.44	0.866471
25.43	0.866474
25.42	0.866476
25.41	0.866479
25.4	0.866482
25.39	0.866485
25.38	0.866487
25.37	0.86649
25.36	0.866493
25.35	0.866496
25.34	0.866498
25.33	0.866501
25.32	0.866504
25.31	0.866507
25.3	0.866509
25.29	0.866512
25.28	0.866515
25.27	0.866518
25.26	0.866521
25.25	0.866523
25.24	0.866526
25.23	0.866529
25.22	0.866532
25.21	0.866535
25.2	0.866537
25.19	0.86654
25.18	0.866543
25.17	0.866546
25.16	0.866549
25.15	0.866551
25.14	0.866554
25.13	0.866557
25.12	0.86656
25.11	0.866563
25.1	0.866566
25.09	0.866568
25.08	0.866571
25.07	0.866574
25.06	0.866577
25.05	0.86658
25.04	0.866583
25.03	0.866585
25.02	0.866588
25.01	0.866591
25	0.866594
24.99	0.866597
24.98	0.8666
24.97	0.866602
24.96	0.866605
24.95	0.866608
24.94	0.866611
24.93	0.866614
24.92	0.866617
24.91	0.86662
24.9	0.866622
24.89	0.866625
24.88	0.866628
24.87	0.866631
24.86	0.866634
24.85	0.866637
24.84	0.86664
24.83	0.866643
24.82	0.866645
24.81	0.866648
24.8	0.866651
24.79	0.866654
24.78	0.866657
24.77	0.86666
24.76	0.866663
24.75	0.866666
24.74	0.866669
24.73	0.866672
24.72	0.866674
24.71	0.866677
24.7	0.86668
24.69	0.866683
24.68	0.866686
24.67	0.866689
24.66	0.866692
24.65	0.866695
24.64	0.866698
24.63	0.866701
24.62	0.866704
24.61	0.866707
24.6	0.86671
24.59	0.866712
24.58	0.866715
24.57	0.866718
24.56	0.866721
24.55	0.866724
24.54	0.866727
24.53	0.86673
24.52	0.866733
24.51	0.866736
24.5	0.866739
24.49	0.866742
24.48	0.866745
24.47	0.866748
24.46	0.866751
24.45	0.866754
24.44	0.866757
24.43	0.86676
24.42	0.866763
24.41	0.866766
24.4	0.866769
24.39	0.866772
24.38	0.866775
24.37	0.866778
24.36	0.866781
24.35	0.866784
24.34	0.866787
24.33	0.86679
24.32	0.866793
24.31	0.866796
24.3	0.866799
24.29	0.866802
24.28	0.866805
24.27	0.866808
24.26	0.866811
24.25	0.866814
24.24	0.866817
24.23	0.86682
24.22	0.866823
24.21	0.866826
24.2	0.866829
24.19	0.866832
24.18	0.866835
24.17	0.866838
24.16	0.866841
24.15	0.866844
24.14	0.866847
24.13	0.86685
24.12	0.866853
24.11	0.866856
24.1	0.86686
24.09	0.866863
24.08	0.866866
24.07	0.866869
24.06	0.866872
24.05	0.866875
24.04	0.866878
24.03	0.866881
24.02	0.866884
24.01	0.866887
24	0.86689
23.99	0.866893
23.98	0.866896
23.97	0.8669
23.96	0.866903
23.95	0.866906
23.94	0.866909
23.93	0.866912
23.92	0.866915
23.91	0.866918
23.9	0.866921
23.89	0.866924
23.88	0.866928
23.87	0.866931
23.86	0.866934
23.85	0.866937
23.84	0.86694
23.83	0.866943
23.82	0.866946
23.81	0.866949
23.8	0.866953
23.79	0.866956
23.78	0.866959
23.77	0.866962
23.76	0.866965
23.75	0.866968
23.74	0.866971
23.73	0.866975
23.72	0.866978
23.71	0.866981
23.7	0.866984
23.69	0.866987
23.68	0.866991
23.67	0.866994
23.66	0.866997
23.65	0.867
23.64	0.867003
23.63	0.867006
23.62	0.86701
23.61	0.867013
23.6	0.867016
23.59	0.867019
23.58	0.867022
23.57	0.867026
23.56	0.867029
23.55	0.867032
23.54	0.867035
23.53	0.867038
23.52	0.867042
23.51	0.867045
23.5	0.867048
23.49	0.867051
23.48	0.867055
23.47	0.867058
23.46	0.867061
23.45	0.867064
23.44	0.867067
23.43	0.867071
23.42	0.867074
23.41	0.867077
23.4	0.86708
23.39	0.867084
23.38	0.867087
23.37	0.86709
23.36	0.867093
23.35	0.867097
23.34	0.8671
23.33	0.867103
23.32	0.867106
23.31	0.86711
23.3	0.867113
23.29	0.867116
23.28	0.86712
23.27	0.867123
23.26	0.867126
23.25	0.86713
23.24	0.867133
23.23	0.867136
23.22	0.867139
23.21	0.867143
23.2	0.867146
23.19	0.867149
23.18	0.867153
23.17	0.867156
23.16	0.867159
23.15	0.867163
23.14	0.867166
23.13	0.867169
23.12	0.867173
23.11	0.867176
23.1	0.867179
23.09	0.867183
23.08	0.867186
23.07	0.867189
23.06	0.867193
23.05	0.867196
23.04	0.867199
23.03	0.867203
23.02	0.867206
23.01	0.867209
23	0.867213
22.99	0.867216
22.98	0.867219
22.97	0.867223
22.96	0.867226
22.95	0.86723
22.94	0.867233
22.93	0.867236
22.92	0.86724
22.91	0.867243
22.9	0.867247
22.89	0.86725
22.88	0.867253
22.87	0.867257
22.86	0.86726
22.85	0.867264
22.84	0.867267
22.83	0.86727
22.82	0.867274
22.81	0.867277
22.8	0.867281
22.79	0.867284
22.78	0.867287
22.77	0.867291
22.76	0.867294
22.75	0.867298
22.74	0.867301
22.73	0.867305
22.72	0.867308
22.71	0.867312
22.7	0.867315
22.69	0.867319
22.68	0.867322
22.67	0.867325
22.66	0.867329
22.65	0.867332
22.64	0.867336
22.63	0.867339
22.62	0.867343
22.61	0.867346
22.6	0.86735
22.59	0.867353
22.58	0.867357
22.57	0.86736
22.56	0.867364
22.55	0.867367
22.54	0.867371
22.53	0.867374
22.52	0.867378
22.51	0.867381
22.5	0.867385
22.49	0.867388
22.48	0.867392
22.47	0.867395
22.46	0.867399
22.45	0.867402
22.44	0.867406
22.43	0.867409
22.42	0.867413
22.41	0.867417
22.4	0.86742
22.39	0.867424
22.38	0.867427
22.37	0.867431
22.36	0.867434
22.35	0.867438
22.34	0.867441
22.33	0.867445
22.32	0.867449
22.31	0.867452
22.3	0.867456
22.29	0.867459
22.28	0.867463
22.27	0.867467
22.26	0.86747
22.25	0.867474
22.24	0.867477
22.23	0.867481
22.22	0.867485
22.21	0.867488
22.2	0.867492
22.19	0.867495
22.18	0.867499
22.17	0.867503
22.16	0.867506
22.15	0.86751
22.14	0.867513
22.13	0.867517
22.12	0.867521
22.11	0.867524
22.1	0.867528
22.09	0.867532
22.08	0.867535
22.07	0.867539
22.06	0.867543
22.05	0.867546
22.04	0.86755
22.03	0.867554
22.02	0.867557
22.01	0.867561
22	0.867565
21.99	0.867568
21.98	0.867572
21.97	0.867576
21.96	0.867579
21.95	0.867583
21.94	0.867587
21.93	0.867591
21.92	0.867594
21.91	0.867598
21.9	0.867602
21.89	0.867605
21.88	0.867609
21.87	0.867613
21.86	0.867617
21.85	0.86762
21.84	0.867624
21.83	0.867628
21.82	0.867631
21.81	0.867635
21.8	0.867639
21.79	0.867643
21.78	0.867647
21.77	0.86765
21.76	0.867654
21.75	0.867658
21.74	0.867662
21.73	0.867665
21.72	0.867669
21.71	0.867673
21.7	0.867677
21.69	0.86768
21.68	0.867684
21.67	0.867688
21.66	0.867692
21.65	0.867696
21.64	0.867699
21.63	0.867703
21.62	0.867707
21.61	0.867711
21.6	0.867715
21.59	0.867719
21.58	0.867722
21.57	0.867726
21.56	0.86773
21.55	0.867734
21.54	0.867738
21.53	0.867742
21.52	0.867745
21.51	0.867749
21.5	0.867753
21.49	0.867757
21.48	0.867761
21.47	0.867765
21.46	0.867769
21.45	0.867772
21.44	0.867776
21.43	0.86778
21.42	0.867784
21.41	0.867788
21.4	0.867792
21.39	0.867796
21.38	0.8678
21.37	0.867804
21.36	0.867807
21.35	0.867811
21.34	0.867815
21.33	0.867819
21.32	0.867823
21.31	0.867827
21.3	0.867831
21.29	0.867835
21.28	0.867839
21.27	0.867843
21.26	0.867847
21.25	0.867851
21.24	0.867855
21.23	0.867858
21.22	0.867862
21.21	0.867866
21.2	0.86787
21.19	0.867874
21.18	0.867878
21.17	0.867882
21.16	0.867886
21.15	0.86789
21.14	0.867894
21.13	0.867898
21.12	0.867902
21.11	0.867906
21.1	0.86791
21.09	0.867914
21.08	0.867918
21.07	0.867922
21.06	0.867926
21.05	0.86793
21.04	0.867934
21.03	0.867938
21.02	0.867942
21.01	0.867946
21	0.86795
20.99	0.867954
20.98	0.867959
20.97	0.867963
20.96	0.867967
20.95	0.867971
20.94	0.867975
20.93	0.867979
20.92	0.867983
20.91	0.867987
20.9	0.867991
20.89	0.867995
20.88	0.867999
20.87	0.868003
20.86	0.868007
20.85	0.868012
20.84	0.868016
20.83	0.86802
20.82	0.868024
20.81	0.868028
20.8	0.868032
20.79	0.868036
20.78	0.86804
20.77	0.868044
20.76	0.868049
20.75	0.868053
20.74	0.868057
20.73	0.868061
20.72	0.868065
20.71	0.868069
20.7	0.868074
20.69	0.868078
20.68	0.868082
20.67	0.868086
20.66	0.86809
20.65	0.868094
20.64	0.868099
20.63	0.868103
20.62	0.868107
20.61	0.868111
20.6	0.868115
20.59	0.86812
20.58	0.868124
20.57	0.868128
20.56	0.868132
20.55	0.868136
20.54	0.868141
20.53	0.868145
20.52	0.868149
20.51	0.868153
20.5	0.868158
20.49	0.868162
20.48	0.868166
20.47	0.86817
20.46	0.868175
20.45	0.868179
20.44	0.868183
20.43	0.868187
20.42	0.868192
20.41	0.868196
20.4	0.8682
20.39	0.868205
20.38	0.868209
20.37	0.868213
20.36	0.868217
20.35	0.868222
20.34	0.868226
20.33	0.86823
20.32	0.868235
20.31	0.868239
20.3	0.868243
20.29	0.868248
20.28	0.868252
20.27	0.868256
20.26	0.868261
20.25	0.868265
20.24	0.868269
20.23	0.868274
20.22	0.868278
20.21	0.868282
20.2	0.868287
20.19	0.868291
20.18	0.868296
20.17	0.8683
20.16	0.868304
20.15	0.868309
20.14	0.868313
20.13	0.868318
20.12	0.868322
20.11	0.868326
20.1	0.868331
20.09	0.868335
20.08	0.86834
20.07	0.868344
20.06	0.868348
20.05	0.868353
20.04	0.868357
20.03	0.868362
20.02	0.868366
20.01	0.868371
20	0.868375
19.99	0.86838
19.98	0.868384
19.97	0.868389
19.96	0.868393
19.95	0.868398
19.94	0.868402
19.93	0.868407
19.92	0.868411
19.91	0.868416
19.9	0.86842
19.89	0.868425
19.88	0.868429
19.87	0.868434
19.86	0.868438
19.85	0.868443
19.84	0.868447
19.83	0.868452
19.82	0.868456
19.81	0.868461
19.8	0.868465
19.79	0.86847
19.78	0.868474
19.77	0.868479
19.76	0.868484
19.75	0.868488
19.74	0.868493
19.73	0.868497
19.72	0.868502
19.71	0.868506
19.7	0.868511
19.69	0.868516
19.68	0.86852
19.67	0.868525
19.66	0.868529
19.65	0.868534
19.64	0.868539
19.63	0.868543
19.62	0.868548
19.61	0.868553
19.6	0.868557
19.59	0.868562
19.58	0.868567
19.57	0.868571
19.56	0.868576
19.55	0.868581
19.54	0.868585
19.53	0.86859
19.52	0.868595
19.51	0.868599
19.5	0.868604
19.49	0.868609
19.48	0.868613
19.47	0.868618
19.46	0.868623
19.45	0.868628
19.44	0.868632
19.43	0.868637
19.42	0.868642
19.41	0.868646
19.4	0.868651
19.39	0.868656
19.38	0.868661
19.37	0.868665
19.36	0.86867
19.35	0.868675
19.34	0.86868
19.33	0.868685
19.32	0.868689
19.31	0.868694
19.3	0.868699
19.29	0.868704
19.28	0.868708
19.27	0.868713
19.26	0.868718
19.25	0.868723
19.24	0.868728
19.23	0.868733
19.22	0.868737
19.21	0.868742
19.2	0.868747
19.19	0.868752
19.18	0.868757
19.17	0.868762
19.16	0.868766
19.15	0.868771
19.14	0.868776
19.13	0.868781
19.12	0.868786
19.11	0.868791
19.1	0.868796
19.09	0.868801
19.08	0.868806
19.07	0.86881
19.06	0.868815
19.05	0.86882
19.04	0.868825
19.03	0.86883
19.02	0.868835
19.01	0.86884
19	0.868845
18.99	0.86885
18.98	0.868855
18.97	0.86886
18.96	0.868865
18.95	0.86887
18.94	0.868875
18.93	0.86888
18.92	0.868885
18.91	0.86889
18.9	0.868895
18.89	0.8689
18.88	0.868905
18.87	0.86891
18.86	0.868915
18.85	0.86892
18.84	0.868925
18.83	0.86893
18.82	0.868935
18.81	0.86894
18.8	0.868945
18.79	0.86895
18.78	0.868955
18.77	0.86896
18.76	0.868965
18.75	0.86897
18.74	0.868975
18.73	0.868981
18.72	0.868986
18.71	0.868991
18.7	0.868996
18.69	0.869001
18.68	0.869006
18.67	0.869011
18.66	0.869016
18.65	0.869021
18.64	0.869027
18.63	0.869032
18.62	0.869037
18.61	0.869042
18.6	0.869047
18.59	0.869052
18.58	0.869058
18.57	0.869063
18.56	0.869068
18.55	0.869073
18.54	0.869078
18.53	0.869084
18.52	0.869089
18.51	0.869094
18.5	0.869099
18.49	0.869104
18.48	0.86911
18.47	0.869115
18.46	0.86912
18.45	0.869125
18.44	0.869131
18.43	0.869136
18.42	0.869141
18.41	0.869146
18.4	0.869152
18.39	0.869157
18.38	0.869162
18.37	0.869168
18.36	0.869173
18.35	0.869178
18.34	0.869183
18.33	0.869189
18.32	0.869194
18.31	0.869199
18.3	0.869205
18.29	0.86921
18.28	0.869215
18.27	0.869221
18.26	0.869226
18.25	0.869231
18.24	0.869237
18.23	0.869242
18.22	0.869248
18.21	0.869253
18.2	0.869258
18.19	0.869264
18.18	0.869269
18.17	0.869275
18.16	0.86928
18.15	0.869285
18.14	0.869291
18.13	0.869296
18.12	0.869302
18.11	0.869307
18.1	0.869313
18.09	0.869318
18.08	0.869324
18.07	0.869329
18.06	0.869335
18.05	0.86934
18.04	0.869346
18.03	0.869351
18.02	0.869357
18.01	0.869362
18	0.869368
17.99	0.869373
17.98	0.869379
17.97	0.869384
17.96	0.86939
17.95	0.869395
17.94	0.869401
17.93	0.869406
17.92	0.869412
17.91	0.869417
17.9	0.869423
17.89	0.869429
17.88	0.869434
17.87	0.86944
17.86	0.869445
17.85	0.869451
17.84	0.869457
17.83	0.869462
17.82	0.869468
17.81	0.869474
17.8	0.869479
17.79	0.869485
17.78	0.86949
17.77	0.869496
17.76	0.869502
17.75	0.869507
17.74	0.869513
17.73	0.869519
17.72	0.869525
17.71	0.86953
17.7	0.869536
17.69	0.869542
17.68	0.869547
17.67	0.869553
17.66	0.869559
17.65	0.869565
17.64	0.86957
17.63	0.869576
17.62	0.869582
17.61	0.869588
17.6	0.869593
17.59	0.869599
17.58	0.869605
17.57	0.869611
17.56	0.869617
17.55	0.869622
17.54	0.869628
17.53	0.869634
17.52	0.86964
17.51	0.869646
17.5	0.869651
17.49	0.869657
17.48	0.869663
17.47	0.869669
17.46	0.869675
17.45	0.869681
17.44	0.869687
17.43	0.869693
17.42	0.869698
17.41	0.869704
17.4	0.86971
17.39	0.869716
17.38	0.869722
17.37	0.869728
17.36	0.869734
17.35	0.86974
17.34	0.869746
17.33	0.869752
17.32	0.869758
17.31	0.869764
17.3	0.86977
17.29	0.869776
17.28	0.869782
17.27	0.869788
17.26	0.869794
17.25	0.8698
17.24	0.869806
17.23	0.869812
17.22	0.869818
17.21	0.869824
17.2	0.86983
17.19	0.869836
17.18	0.869842
17.17	0.869848
17.16	0.869854
17.15	0.86986
17.14	0.869866
17.13	0.869872
17.12	0.869878
17.11	0.869884
17.1	0.869891
17.09	0.869897
17.08	0.869903
17.07	0.869909
17.06	0.869915
17.05	0.869921
17.04	0.869927
17.03	0.869934
17.02	0.86994
17.01	0.869946
17	0.869952
16.99	0.869958
16.98	0.869965
16.97	0.869971
16.96	0.869977
16.95	0.869983
16.94	0.86999
16.93	0.869996
16.92	0.870002
16.91	0.870008
16.9	0.870014
16.89	0.870021
16.88	0.870027
16.87	0.870033
16.86	0.87004
16.85	0.870046
16.84	0.870052
16.83	0.870059
16.82	0.870065
16.81	0.870071
16.8	0.870078
16.79	0.870084
16.78	0.87009
16.77	0.870097
16.76	0.870103
16.75	0.870109
16.74	0.870116
16.73	0.870122
16.72	0.870129
16.71	0.870135
16.7	0.870141
16.69	0.870148
16.68	0.870154
16.67	0.870161
16.66	0.870167
16.65	0.870174
16.64	0.87018
16.63	0.870187
16.62	0.870193
16.61	0.8702
16.6	0.870206
16.59	0.870212
16.58	0.870219
16.57	0.870226
16.56	0.870232
16.55	0.870239
16.54	0.870245
16.53	0.870252
16.52	0.870258
16.51	0.870265
16.5	0.870271
16.49	0.870278
16.48	0.870285
16.47	0.870291
16.46	0.870298
16.45	0.870304
16.44	0.870311
16.43	0.870318
16.42	0.870324
16.41	0.870331
16.4	0.870338
16.39	0.870344
16.38	0.870351
16.37	0.870358
16.36	0.870364
16.35	0.870371
16.34	0.870378
16.33	0.870384
16.32	0.870391
16.31	0.870398
16.3	0.870405
16.29	0.870411
16.28	0.870418
16.27	0.870425
16.26	0.870432
16.25	0.870438
16.24	0.870445
16.23	0.870452
16.22	0.870459
16.21	0.870466
16.2	0.870472
16.19	0.870479
16.18	0.870486
16.17	0.870493
16.16	0.8705
16.15	0.870507
16.14	0.870514
16.13	0.87052
16.12	0.870527
16.11	0.870534
16.1	0.870541
16.09	0.870548
16.08	0.870555
16.07	0.870562
16.06	0.870569
16.05	0.870576
16.04	0.870583
16.03	0.87059
16.02	0.870597
16.01	0.870604
16	0.870611
15.99	0.870618
15.98	0.870625
15.97	0.870632
15.96	0.870639
15.95	0.870646
15.94	0.870653
15.93	0.87066
15.92	0.870667
15.91	0.870674
15.9	0.870681
15.89	0.870688
15.88	0.870695
15.87	0.870703
15.86	0.87071
15.85	0.870717
15.84	0.870724
15.83	0.870731
15.82	0.870738
15.81	0.870745
15.8	0.870753
15.79	0.87076
15.78	0.870767
15.77	0.870774
15.76	0.870781
15.75	0.870789
15.74	0.870796
15.73	0.870803
15.72	0.87081
15.71	0.870818
15.7	0.870825
15.69	0.870832
15.68	0.870839
15.67	0.870847
15.66	0.870854
15.65	0.870861
15.64	0.870869
15.63	0.870876
15.62	0.870883
15.61	0.870891
15.6	0.870898
15.59	0.870905
15.58	0.870913
15.57	0.87092
15.56	0.870928
15.55	0.870935
15.54	0.870942
15.53	0.87095
15.52	0.870957
15.51	0.870965
15.5	0.870972
15.49	0.87098
15.48	0.870987
15.47	0.870995
15.46	0.871002
15.45	0.87101
15.44	0.871017
15.43	0.871025
15.42	0.871032
15.41	0.87104
15.4	0.871047
15.39	0.871055
15.38	0.871063
15.37	0.87107
15.36	0.871078
15.35	0.871085
15.34	0.871093
15.33	0.871101
15.32	0.871108
15.31	0.871116
15.3	0.871124
15.29	0.871131
15.28	0.871139
15.27	0.871147
15.26	0.871154
15.25	0.871162
15.24	0.87117
15.23	0.871177
15.22	0.871185
15.21	0.871193
15.2	0.871201
15.19	0.871208
15.18	0.871216
15.17	0.871224
15.16	0.871232
15.15	0.87124
15.14	0.871248
15.13	0.871255
15.12	0.871263
15.11	0.871271
15.1	0.871279
15.09	0.871287
15.08	0.871295
15.07	0.871303
15.06	0.87131
15.05	0.871318
15.04	0.871326
15.03	0.871334
15.02	0.871342
15.01	0.87135
15	0.871358
14.99	0.871366
14.98	0.871374
14.97	0.871382
14.96	0.87139
14.95	0.871398
14.94	0.871406
14.93	0.871414
14.92	0.871422
14.91	0.87143
14.9	0.871439
14.89	0.871447
14.88	0.871455
14.87	0.871463
14.86	0.871471
14.85	0.871479
14.84	0.871487
14.83	0.871495
14.82	0.871504
14.81	0.871512
14.8	0.87152
14.79	0.871528
14.78	0.871536
14.77	0.871545
14.76	0.871553
14.75	0.871561
14.74	0.871569
14.73	0.871578
14.72	0.871586
14.71	0.871594
14.7	0.871602
14.69	0.871611
14.68	0.871619
14.67	0.871627
14.66	0.871636
14.65	0.871644
14.64	0.871653
14.63	0.871661
14.62	0.871669
14.61	0.871678
14.6	0.871686
14.59	0.871695
14.58	0.871703
14.57	0.871711
14.56	0.87172
14.55	0.871728
14.54	0.871737
14.53	0.871745
14.52	0.871754
14.51	0.871762
14.5	0.871771
14.49	0.87178
14.48	0.871788
14.47	0.871797
14.46	0.871805
14.45	0.871814
14.44	0.871822
14.43	0.871831
14.42	0.87184
14.41	0.871848
14.4	0.871857
14.39	0.871866
14.38	0.871874
14.37	0.871883
14.36	0.871892
14.35	0.871901
14.34	0.871909
14.33	0.871918
14.32	0.871927
14.31	0.871936
14.3	0.871944
14.29	0.871953
14.28	0.871962
14.27	0.871971
14.26	0.87198
14.25	0.871988
14.24	0.871997
14.23	0.872006
14.22	0.872015
14.21	0.872024
14.2	0.872033
14.19	0.872042
14.18	0.872051
14.17	0.87206
14.16	0.872069
14.15	0.872078
14.14	0.872087
14.13	0.872096
14.12	0.872105
14.11	0.872114
14.1	0.872123
14.09	0.872132
14.08	0.872141
14.07	0.87215
14.06	0.872159
14.05	0.872168
14.04	0.872177
14.03	0.872186
14.02	0.872195
14.01	0.872205
14	0.872214
13.99	0.872223
13.98	0.872232
13.97	0.872241
13.96	0.87225
13.95	0.87226
13.94	0.872269
13.93	0.872278
13.92	0.872288
13.91	0.872297
13.9	0.872306
13.89	0.872315
13.88	0.872325
13.87	0.872334
13.86	0.872343
13.85	0.872353
13.84	0.872362
13.83	0.872372
13.82	0.872381
13.81	0.87239
13.8	0.8724
13.79	0.872409
13.78	0.872419
13.77	0.872428
13.76	0.872438
13.75	0.872447
13.74	0.872457
13.73	0.872466
13.72	0.872476
13.71	0.872485
13.7	0.872495
13.69	0.872505
13.68	0.872514
13.67	0.872524
13.66	0.872534
13.65	0.872543
13.64	0.872553
13.63	0.872563
13.62	0.872572
13.61	0.872582
13.6	0.872592
13.59	0.872601
13.58	0.872611
13.57	0.872621
13.56	0.872631
13.55	0.87264
13.54	0.87265
13.53	0.87266
13.52	0.87267
13.51	0.87268
13.5	0.87269
13.49	0.8727
13.48	0.872709
13.47	0.872719
13.46	0.872729
13.45	0.872739
13.44	0.872749
13.43	0.872759
13.42	0.872769
13.41	0.872779
13.4	0.872789
13.39	0.872799
13.38	0.872809
13.37	0.872819
13.36	0.872829
13.35	0.872839
13.34	0.87285
13.33	0.87286
13.32	0.87287
13.31	0.87288
13.3	0.87289
13.29	0.8729
13.28	0.872911
13.27	0.872921
13.26	0.872931
13.25	0.872941
13.24	0.872952
13.23	0.872962
13.22	0.872972
13.21	0.872982
13.2	0.872993
13.19	0.873003
13.18	0.873013
13.17	0.873024
13.16	0.873034
13.15	0.873045
13.14	0.873055
13.13	0.873065
13.12	0.873076
13.11	0.873086
13.1	0.873097
13.09	0.873107
13.08	0.873118
13.07	0.873128
13.06	0.873139
13.05	0.87315
13.04	0.87316
13.03	0.873171
13.02	0.873181
13.01	0.873192
13	0.873203
12.99	0.873213
12.98	0.873224
12.97	0.873235
12.96	0.873245
12.95	0.873256
12.94	0.873267
12.93	0.873278
12.92	0.873289
12.91	0.873299
12.9	0.87331
12.89	0.873321
12.88	0.873332
12.87	0.873343
12.86	0.873354
12.85	0.873365
12.84	0.873375
12.83	0.873386
12.82	0.873397
12.81	0.873408
12.8	0.873419
12.79	0.87343
12.78	0.873441
12.77	0.873452
12.76	0.873463
12.75	0.873475
12.74	0.873486
12.73	0.873497
12.72	0.873508
12.71	0.873519
12.7	0.87353
12.69	0.873541
12.68	0.873553
12.67	0.873564
12.66	0.873575
12.65	0.873586
12.64	0.873598
12.63	0.873609
12.62	0.87362
12.61	0.873632
12.6	0.873643
12.59	0.873654
12.58	0.873666
12.57	0.873677
12.56	0.873688
12.55	0.8737
12.54	0.873711
12.53	0.873723
12.52	0.873734
12.51	0.873746
12.5	0.873757
12.49	0.873769
12.48	0.87378
12.47	0.873792
12.46	0.873804
12.45	0.873815
12.44	0.873827
12.43	0.873839
12.42	0.87385
12.41	0.873862
12.4	0.873874
12.39	0.873886
12.38	0.873897
12.37	0.873909
12.36	0.873921
12.35	0.873933
12.34	0.873945
12.33	0.873956
12.32	0.873968
12.31	0.87398
12.3	0.873992
12.29	0.874004
12.28	0.874016
12.27	0.874028
12.26	0.87404
12.25	0.874052
12.24	0.874064
12.23	0.874076
12.22	0.874088
12.21	0.8741
12.2	0.874112
12.19	0.874124
12.18	0.874137
12.17	0.874149
12.16	0.874161
12.15	0.874173
12.14	0.874185
12.13	0.874198
12.12	0.87421
12.11	0.874222
12.1	0.874235
12.09	0.874247
12.08	0.874259
12.07	0.874272
12.06	0.874284
12.05	0.874297
12.04	0.874309
12.03	0.874321
12.02	0.874334
12.01	0.874346
12	0.874359
11.99	0.874372
11.98	0.874384
11.97	0.874397
11.96	0.874409
11.95	0.874422
11.94	0.874435
11.93	0.874447
11.92	0.87446
11.91	0.874473
11.9	0.874485
11.89	0.874498
11.88	0.874511
11.87	0.874524
11.86	0.874537
11.85	0.87455
11.84	0.874562
11.83	0.874575
11.82	0.874588
11.81	0.874601
11.8	0.874614
11.79	0.874627
11.78	0.87464
11.77	0.874653
11.76	0.874666
11.75	0.874679
11.74	0.874692
11.73	0.874705
11.72	0.874719
11.71	0.874732
11.7	0.874745
11.69	0.874758
11.68	0.874771
11.67	0.874785
11.66	0.874798
11.65	0.874811
11.64	0.874825
11.63	0.874838
11.62	0.874851
11.61	0.874865
11.6	0.874878
11.59	0.874892
11.58	0.874905
11.57	0.874919
11.56	0.874932
11.55	0.874946
11.54	0.874959
11.53	0.874973
11.52	0.874986
11.51	0.875
11.5	0.875014
11.49	0.875027
11.48	0.875041
11.47	0.875055
11.46	0.875069
11.45	0.875082
11.44	0.875096
11.43	0.87511
11.42	0.875124
11.41	0.875138
11.4	0.875152
11.39	0.875166
11.38	0.875179
11.37	0.875193
11.36	0.875207
11.35	0.875221
11.34	0.875236
11.33	0.87525
11.32	0.875264
11.31	0.875278
11.3	0.875292
11.29	0.875306
11.28	0.87532
11.27	0.875335
11.26	0.875349
11.25	0.875363
11.24	0.875377
11.23	0.875392
11.22	0.875406
11.21	0.875421
11.2	0.875435
11.19	0.875449
11.18	0.875464
11.17	0.875478
11.16	0.875493
11.15	0.875507
11.14	0.875522
11.13	0.875537
11.12	0.875551
11.11	0.875566
11.1	0.875581
11.09	0.875595
11.08	0.87561
11.07	0.875625
11.06	0.87564
11.05	0.875654
11.04	0.875669
11.03	0.875684
11.02	0.875699
11.01	0.875714
11	0.875729
10.99	0.875744
10.98	0.875759
10.97	0.875774
10.96	0.875789
10.95	0.875804
10.94	0.875819
10.93	0.875834
10.92	0.875849
10.91	0.875865
10.9	0.87588
10.89	0.875895
10.88	0.87591
10.87	0.875926
10.86	0.875941
10.85	0.875956
10.84	0.875972
10.83	0.875987
10.82	0.876003
10.81	0.876018
10.8	0.876034
10.79	0.876049
10.78	0.876065
10.77	0.876081
10.76	0.876096
10.75	0.876112
10.74	0.876128
10.73	0.876143
10.72	0.876159
10.71	0.876175
10.7	0.876191
10.69	0.876206
10.68	0.876222
10.67	0.876238
10.66	0.876254
10.65	0.87627
10.64	0.876286
10.63	0.876302
10.62	0.876318
10.61	0.876334
10.6	0.87635
10.59	0.876367
10.58	0.876383
10.57	0.876399
10.56	0.876415
10.55	0.876431
10.54	0.876448
10.53	0.876464
10.52	0.876481
10.51	0.876497
10.5	0.876513
10.49	0.87653
10.48	0.876546
10.47	0.876563
10.46	0.876579
10.45	0.876596
10.44	0.876613
10.43	0.876629
10.42	0.876646
10.41	0.876663
10.4	0.876679
10.39	0.876696
10.38	0.876713
10.37	0.87673
10.36	0.876747
10.35	0.876764
10.34	0.876781
10.33	0.876798
10.32	0.876815
10.31	0.876832
10.3	0.876849
10.29	0.876866
10.28	0.876883
10.27	0.8769
10.26	0.876918
10.25	0.876935
10.24	0.876952
10.23	0.876969
10.22	0.876987
10.21	0.877004
10.2	0.877022
10.19	0.877039
10.18	0.877057
10.17	0.877074
10.16	0.877092
10.15	0.877109
10.14	0.877127
10.13	0.877145
10.12	0.877162
10.11	0.87718
10.1	0.877198
10.09	0.877216
10.08	0.877234
10.07	0.877251
10.06	0.877269
10.05	0.877287
10.04	0.877305
10.03	0.877323
10.02	0.877341
10.01	0.87736
10	0.877378
9.99	0.877396
9.98	0.877414
9.97	0.877432
9.96	0.877451
9.95	0.877469
9.94	0.877487
9.93	0.877506
9.92	0.877524
9.91	0.877543
9.9	0.877561
9.89	0.87758
9.88	0.877598
9.87	0.877617
9.86	0.877636
9.85	0.877654
9.84	0.877673
9.83	0.877692
9.82	0.877711
9.81	0.87773
9.8	0.877749
9.79	0.877768
9.78	0.877786
9.77	0.877806
9.76	0.877825
9.75	0.877844
9.74	0.877863
9.73	0.877882
9.72	0.877901
9.71	0.877921
9.7	0.87794
9.69	0.877959
9.68	0.877979
9.67	0.877998
9.66	0.878017
9.65	0.878037
9.64	0.878057
9.63	0.878076
9.62	0.878096
9.61	0.878115
9.6	0.878135
9.59	0.878155
9.58	0.878175
9.57	0.878195
9.56	0.878214
9.55	0.878234
9.54	0.878254
9.53	0.878274
9.52	0.878294
9.51	0.878315
9.5	0.878335
9.49	0.878355
9.48	0.878375
9.47	0.878395
9.46	0.878416
9.45	0.878436
9.44	0.878456
9.43	0.878477
9.42	0.878497
9.41	0.878518
9.4	0.878539
9.39	0.878559
9.38	0.87858
9.37	0.878601
9.36	0.878621
9.35	0.878642
9.34	0.878663
9.33	0.878684
9.32	0.878705
9.31	0.878726
9.3	0.878747
9.29	0.878768
9.28	0.878789
9.27	0.87881
9.26	0.878832
9.25	0.878853
9.24	0.878874
9.23	0.878895
9.22	0.878917
9.21	0.878938
9.2	0.87896
9.19	0.878981
9.18	0.879003
9.17	0.879025
9.16	0.879046
9.15	0.879068
9.14	0.87909
9.13	0.879112
9.12	0.879134
9.11	0.879156
9.1	0.879178
9.09	0.8792
9.08	0.879222
9.07	0.879244
9.06	0.879266
9.05	0.879288
9.04	0.87931
9.03	0.879333
9.02	0.879355
9.01	0.879378
9	0.8794
8.99	0.879423
8.98	0.879445
8.97	0.879468
8.96	0.879491
8.95	0.879513
8.94	0.879536
8.93	0.879559
8.92	0.879582
8.91	0.879605
8.9	0.879628
8.89	0.879651
8.88	0.879674
8.87	0.879697
8.86	0.879721
8.85	0.879744
8.84	0.879767
8.83	0.87979
8.82	0.879814
8.81	0.879837
8.8	0.879861
8.79	0.879885
8.78	0.879908
8.77	0.879932
8.76	0.879956
8.75	0.879979
8.74	0.880003
8.73	0.880027
8.72	0.880051
8.71	0.880075
8.7	0.880099
8.69	0.880124
8.68	0.880148
8.67	0.880172
8.66	0.880196
8.65	0.880221
8.64	0.880245
8.63	0.88027
8.62	0.880294
8.61	0.880319
8.6	0.880344
8.59	0.880368
8.58	0.880393
8.57	0.880418
8.56	0.880443
8.55	0.880468
8.54	0.880493
8.53	0.880518
8.52	0.880543
8.51	0.880568
8.5	0.880594
8.49	0.880619
8.48	0.880644
8.47	0.88067
8.46	0.880695
8.45	0.880721
8.44	0.880747
8.43	0.880772
8.42	0.880798
8.41	0.880824
8.4	0.88085
8.39	0.880876
8.38	0.880902
8.37	0.880928
8.36	0.880954
8.35	0.88098
8.34	0.881006
8.33	0.881033
8.32	0.881059
8.31	0.881086
8.3	0.881112
8.29	0.881139
8.28	0.881165
8.27	0.881192
8.26	0.881219
8.25	0.881246
8.24	0.881273
8.23	0.8813
8.22	0.881327
8.21	0.881354
8.2	0.881381
8.19	0.881408
8.18	0.881436
8.17	0.881463
8.16	0.881491
8.15	0.881518
8.14	0.881546
8.13	0.881573
8.12	0.881601
8.11	0.881629
8.1	0.881657
8.09	0.881685
8.08	0.881713
8.07	0.881741
8.06	0.881769
8.05	0.881797
8.04	0.881826
8.03	0.881854
8.02	0.881882
8.01	0.881911
8	0.88194
7.99	0.881968
7.98	0.881997
7.97	0.882026
7.96	0.882055
7.95	0.882084
7.94	0.882113
7.93	0.882142
7.92	0.882171
7.91	0.8822
7.9	0.88223
7.89	0.882259
7.88	0.882289
7.87	0.882318
7.86	0.882348
7.85	0.882378
7.84	0.882407
7.83	0.882437
7.82	0.882467
7.81	0.882497
7.8	0.882527
7.79	0.882558
7.78	0.882588
7.77	0.882618
7.76	0.882649
7.75	0.882679
7.74	0.88271
7.73	0.882741
7.72	0.882771
7.71	0.882802
7.7	0.882833
7.69	0.882864
7.68	0.882895
7.67	0.882926
7.66	0.882958
7.65	0.882989
7.64	0.88302
7.63	0.883052
7.62	0.883084
7.61	0.883115
7.6	0.883147
7.59	0.883179
7.58	0.883211
7.57	0.883243
7.56	0.883275
7.55	0.883307
7.54	0.883339
7.53	0.883372
7.52	0.883404
7.51	0.883437
7.5	0.883469
7.49	0.883502
7.48	0.883535
7.47	0.883568
7.46	0.883601
7.45	0.883634
7.44	0.883667
7.43	0.8837
7.42	0.883734
7.41	0.883767
7.4	0.883801
7.39	0.883834
7.38	0.883868
7.37	0.883902
7.36	0.883936
7.35	0.88397
7.34	0.884004
7.33	0.884038
7.32	0.884073
7.31	0.884107
7.3	0.884141
7.29	0.884176
7.28	0.884211
7.27	0.884246
7.26	0.88428
7.25	0.884315
7.24	0.88435
7.23	0.884386
7.22	0.884421
7.21	0.884456
7.2	0.884492
7.19	0.884527
7.18	0.884563
7.17	0.884599
7.16	0.884635
7.15	0.884671
7.14	0.884707
7.13	0.884743
7.12	0.884779
7.11	0.884816
7.1	0.884852
7.09	0.884889
7.08	0.884926
7.07	0.884962
7.06	0.884999
7.05	0.885036
7.04	0.885074
7.03	0.885111
7.02	0.885148
7.01	0.885186
7	0.885223
6.99	0.885261
6.98	0.885299
6.97	0.885337
6.96	0.885375
6.95	0.885413
6.94	0.885451
6.93	0.88549
6.92	0.885528
6.91	0.885567
6.9	0.885605
6.89	0.885644
6.88	0.885683
6.87	0.885722
6.86	0.885761
6.85	0.885801
6.84	0.88584
6.83	0.88588
6.82	0.885919
6.81	0.885959
6.8	0.885999
6.79	0.886039
6.78	0.886079
6.77	0.886119
6.76	0.88616
6.75	0.8862
6.74	0.886241
6.73	0.886282
6.72	0.886323
6.71	0.886364
6.7	0.886405
6.69	0.886446
6.68	0.886487
6.67	0.886529
6.66	0.886571
6.65	0.886612
6.64	0.886654
6.63	0.886696
6.62	0.886738
6.61	0.886781
6.6	0.886823
6.59	0.886866
6.58	0.886908
6.57	0.886951
6.56	0.886994
6.55	0.887037
6.54	0.88708
6.53	0.887124
6.52	0.887167
6.51	0.887211
6.5	0.887255
6.49	0.887299
6.48	0.887343
6.47	0.887387
6.46	0.887431
6.45	0.887476
6.44	0.88752
6.43	0.887565
6.42	0.88761
6.41	0.887655
6.4	0.8877
6.39	0.887745
6.38	0.887791
6.37	0.887836
6.36	0.887882
6.35	0.887928
6.34	0.887974
6.33	0.88802
6.32	0.888067
6.31	0.888113
6.3	0.88816
6.29	0.888207
6.28	0.888254
6.27	0.888301
6.26	0.888348
6.25	0.888396
6.24	0.888443
6.23	0.888491
6.22	0.888539
6.21	0.888587
6.2	0.888635
6.19	0.888684
6.18	0.888732
6.17	0.888781
6.16	0.88883
6.15	0.888879
6.14	0.888928
6.13	0.888977
6.12	0.889027
6.11	0.889077
6.1	0.889126
6.09	0.889177
6.08	0.889227
6.07	0.889277
6.06	0.889328
6.05	0.889378
6.04	0.889429
6.03	0.88948
6.02	0.889532
6.01	0.889583
6	0.889635
5.99	0.889686
5.98	0.889738
5.97	0.88979
5.96	0.889843
5.95	0.889895
5.94	0.889948
5.93	0.890001
5.92	0.890054
5.91	0.890107
5.9	0.890161
5.89	0.890214
5.88	0.890268
5.87	0.890322
5.86	0.890376
5.85	0.89043
5.84	0.890485
5.83	0.89054
5.82	0.890595
5.81	0.89065
5.8	0.890705
5.79	0.890761
5.78	0.890816
5.77	0.890872
5.76	0.890928
5.75	0.890985
5.74	0.891041
5.73	0.891098
5.72	0.891155
5.71	0.891212
5.7	0.891269
5.69	0.891327
5.68	0.891385
5.67	0.891443
5.66	0.891501
5.65	0.891559
5.64	0.891618
5.63	0.891677
5.62	0.891736
5.61	0.891795
5.6	0.891855
5.59	0.891914
5.58	0.891974
5.57	0.892034
5.56	0.892095
5.55	0.892155
5.54	0.892216
5.53	0.892277
5.52	0.892338
5.51	0.8924
5.5	0.892462
5.49	0.892524
5.48	0.892586
5.47	0.892648
5.46	0.892711
5.45	0.892774
5.44	0.892837
5.43	0.8929
5.42	0.892964
5.41	0.893028
5.4	0.893092
5.39	0.893156
5.38	0.893221
5.37	0.893286
5.36	0.893351
5.35	0.893416
5.34	0.893482
5.33	0.893548
5.32	0.893614
5.31	0.89368
5.3	0.893747
5.29	0.893814
5.28	0.893881
5.27	0.893948
5.26	0.894016
5.25	0.894084
5.24	0.894152
5.23	0.894221
5.22	0.894289
5.21	0.894359
5.2	0.894428
5.19	0.894497
5.18	0.894567
5.17	0.894637
5.16	0.894708
5.15	0.894779
5.14	0.89485
5.13	0.894921
5.12	0.894992
5.11	0.895064
5.1	0.895136
5.09	0.895209
5.08	0.895282
5.07	0.895355
5.06	0.895428
5.05	0.895502
5.04	0.895576
5.03	0.89565
5.02	0.895724
5.01	0.895799
5	0.895874
4.99	0.89595
4.98	0.896026
4.97	0.896102
4.96	0.896178
4.95	0.896255
4.94	0.896332
4.93	0.89641
4.92	0.896487
4.91	0.896565
4.9	0.896644
4.89	0.896722
4.88	0.896801
4.87	0.896881
4.86	0.896961
4.85	0.897041
4.84	0.897121
4.83	0.897202
4.82	0.897283
4.81	0.897364
4.8	0.897446
4.79	0.897528
4.78	0.897611
4.77	0.897694
4.76	0.897777
4.75	0.897861
4.74	0.897945
4.73	0.898029
4.72	0.898114
4.71	0.898199
4.7	0.898284
4.69	0.89837
4.68	0.898456
4.67	0.898543
4.66	0.89863
4.65	0.898717
4.64	0.898805
4.63	0.898893
4.62	0.898982
4.61	0.899071
4.6	0.89916
4.59	0.89925
4.58	0.89934
4.57	0.899431
4.56	0.899522
4.55	0.899613
4.54	0.899705
4.53	0.899797
4.52	0.89989
4.51	0.899983
4.5	0.900076
4.49	0.90017
4.48	0.900265
4.47	0.90036
4.46	0.900455
4.45	0.900551
4.44	0.900647
4.43	0.900743
4.42	0.900841
4.41	0.900938
4.4	0.901036
4.39	0.901135
4.38	0.901234
4.37	0.901333
4.36	0.901433
4.35	0.901533
4.34	0.901634
4.33	0.901735
4.32	0.901837
4.31	0.90194
4.3	0.902042
4.29	0.902146
4.28	0.90225
4.27	0.902354
4.26	0.902459
4.25	0.902564
4.24	0.90267
4.23	0.902776
4.22	0.902883
4.21	0.902991
4.2	0.903099
4.19	0.903207
4.18	0.903316
4.17	0.903426
4.16	0.903536
4.15	0.903647
4.14	0.903758
4.13	0.90387
4.12	0.903982
4.11	0.904095
4.1	0.904209
4.09	0.904323
4.08	0.904438
4.07	0.904553
4.06	0.904669
4.05	0.904785
4.04	0.904902
4.03	0.90502
4.02	0.905138
4.01	0.905257
4	0.905377
3.99	0.905497
3.98	0.905618
3.97	0.905739
3.96	0.905861
3.95	0.905984
3.94	0.906108
3.93	0.906232
3.92	0.906356
3.91	0.906482
3.9	0.906608
3.89	0.906734
3.88	0.906862
3.87	0.90699
3.86	0.907119
3.85	0.907248
3.84	0.907378
3.83	0.907509
3.82	0.907641
3.81	0.907773
3.8	0.907906
3.79	0.90804
3.78	0.908175
3.77	0.90831
3.76	0.908446
3.75	0.908583
3.74	0.908721
3.73	0.908859
3.72	0.908998
3.71	0.909138
3.7	0.909279
3.69	0.90942
3.68	0.909563
3.67	0.909706
3.66	0.90985
3.65	0.909995
3.64	0.91014
3.63	0.910287
3.62	0.910434
3.61	0.910582
3.6	0.910731
3.59	0.910881
3.58	0.911032
3.57	0.911184
3.56	0.911336
3.55	0.91149
3.54	0.911644
3.53	0.9118
3.52	0.911956
3.51	0.912113
3.5	0.912271
3.49	0.91243
3.48	0.91259
3.47	0.912751
3.46	0.912913
3.45	0.913076
3.44	0.91324
3.43	0.913405
3.42	0.913571
3.41	0.913738
3.4	0.913907
3.39	0.914076
3.38	0.914246
3.37	0.914417
3.36	0.914589
3.35	0.914763
3.34	0.914937
3.33	0.915113
3.32	0.91529
3.31	0.915467
3.3	0.915646
3.29	0.915827
3.28	0.916008
3.27	0.91619
3.26	0.916374
3.25	0.916559
3.24	0.916745
3.23	0.916932
3.22	0.917121
3.21	0.91731
3.2	0.917501
3.19	0.917694
3.18	0.917887
3.17	0.918082
3.16	0.918278
3.15	0.918476
3.14	0.918674
3.13	0.918875
3.12	0.919076
3.11	0.919279
3.1	0.919483
3.09	0.919689
3.08	0.919896
3.07	0.920104
3.06	0.920314
3.05	0.920526
3.04	0.920739
3.03	0.920953
3.02	0.921169
3.01	0.921386
3	0.921605
2.99	0.921826
2.98	0.922048
2.97	0.922271
2.96	0.922497
2.95	0.922723
2.94	0.922952
2.93	0.923182
2.92	0.923414
2.91	0.923648
2.9	0.923883
2.89	0.92412
2.88	0.924359
2.87	0.924599
2.86	0.924841
2.85	0.925085
2.84	0.925331
2.83	0.925579
2.82	0.925829
2.81	0.92608
2.8	0.926334
2.79	0.926589
2.78	0.926847
2.77	0.927106
2.76	0.927367
2.75	0.927631
2.74	0.927896
2.73	0.928164
2.72	0.928433
2.71	0.928705
2.7	0.928979
2.69	0.929255
2.68	0.929533
2.67	0.929814
2.66	0.930097
2.65	0.930382
2.64	0.930669
2.63	0.930959
2.62	0.931251
2.61	0.931545
2.6	0.931842
2.59	0.932141
2.58	0.932443
2.57	0.932748
2.56	0.933055
2.55	0.933364
2.54	0.933676
2.53	0.933991
2.52	0.934308
2.51	0.934628
2.5	0.934951
2.49	0.935277
2.48	0.935606
2.47	0.935937
2.46	0.936271
2.45	0.936608
2.44	0.936949
2.43	0.937292
2.42	0.937638
2.41	0.937987
2.4	0.93834
2.39	0.938695
2.38	0.939054
2.37	0.939417
2.36	0.939782
2.35	0.940151
2.34	0.940523
2.33	0.940899
2.32	0.941278
2.31	0.941661
2.3	0.942047
2.29	0.942437
2.28	0.942831
2.27	0.943228
2.26	0.943629
2.25	0.944034
2.24	0.944443
2.23	0.944856
2.22	0.945273
2.21	0.945694
2.2	0.94612
2.19	0.946549
2.18	0.946983
2.17	0.947421
2.16	0.947864
2.15	0.948311
2.14	0.948762
2.13	0.949218
2.12	0.949679
2.11	0.950145
2.1	0.950615
2.09	0.95109
2.08	0.951571
2.07	0.952056
2.06	0.952547
2.05	0.953042
2.04	0.953543
2.03	0.95405
2.02	0.954562
2.01	0.955079
2	0.955602
1.99	0.956131
1.98	0.956666
1.97	0.957207
1.96	0.957754
1.95	0.958307
1.94	0.958866
1.93	0.959431
1.92	0.960003
1.91	0.960582
1.9	0.961167
1.89	0.961759
1.88	0.962358
1.87	0.962964
1.86	0.963578
1.85	0.964198
1.84	0.964826
1.83	0.965462
1.82	0.966105
1.81	0.966756
1.8	0.967415
1.79	0.968083
1.78	0.968758
1.77	0.969442
1.76	0.970135
1.75	0.970836
1.74	0.971547
1.73	0.972266
1.72	0.972995
1.71	0.973733
1.7	0.974481
1.69	0.975239
1.68	0.976007
1.67	0.976785
1.66	0.977573
1.65	0.978372
1.64	0.979182
1.63	0.980004
1.62	0.980836
1.61	0.98168
1.6	0.982536
1.59	0.983404
1.58	0.984284
1.57	0.985177
1.56	0.986083
1.55	0.987002
1.54	0.987934
1.53	0.98888
1.52	0.98984
1.51	0.990814
1.5	0.991803
1.49	0.992807
1.48	0.993826
1.47	0.994861
1.46	0.995912
1.45	0.99698
1.44	0.998064
1.43	0.999166
1.42	1.00028
1.41	1.00142
1.4	1.00258
1.39	1.00375
1.38	1.00495
1.37	1.00616
1.36	1.00739
1.35	1.00865
1.34	1.00993
1.33	1.01123
1.32	1.01255
1.31	1.01389
1.3	1.01526
1.29	1.01665
1.28	1.01807
1.27	1.01951
1.26	1.02098
1.25	1.02248
1.24	1.02401
1.23	1.02556
1.22	1.02714
1.21	1.02876
1.2	1.0304
1.19	1.03208
1.18	1.03379
1.17	1.03554
1.16	1.03732
1.15	1.03913
1.14	1.04099
1.13	1.04288
1.12	1.04481
1.11	1.04678
1.1	1.0488
1.09	1.05086
1.08	1.05296
1.07	1.05511
1.06	1.05731
1.05	1.05956
1.04	1.06186
1.03	1.06422
1.02	1.06663
1.01	1.06909
1	1.07162
0.99	1.07421
0.98	1.07686
0.97	1.07957
0.96	1.08236
0.95	1.08522
0.94	1.08815
0.93	1.09115
0.92	1.09424
0.91	1.09741
0.9	1.10067
0.89	1.10401
0.88	1.10746
0.87	1.11099
0.86	1.11463
0.85	1.11838
0.84	1.12224
0.83	1.12621
0.82	1.13031
0.81	1.13453
0.8	1.13889
0.79	1.14338
0.78	1.14802
0.77	1.15282
0.76	1.15777
0.75	1.1629
0.74	1.1682
0.73	1.17369
0.72	1.17938
0.71	1.18527
0.7	1.19139
0.69	1.19774
0.68	1.20433
0.67	1.21119
0.66	1.21832
0.65	1.22574
0.64	1.23347
0.63	1.24153
0.62	1.24995
0.61	1.25874
0.6	1.26793
0.59	1.27755
0.58	1.28763
0.57	1.29821
0.56	1.30931
0.55	1.32098
0.54	1.33327
0.53	1.34622
0.52	1.35988
0.51	1.37433
0.5	1.38962
0.49	1.40583
0.48	1.42305
0.47	1.44137
0.46	1.4609
0.45	1.48177
0.44	1.5041
0.43	1.52806
0.42	1.55383
0.41	1.58162
0.4	1.61168
0.39	1.64428
0.38	1.67976
0.37	1.71851
0.36	1.76098
0.35	1.80774
0.34	1.85945
0.33	1.91692
0.32	1.98114
0.31	2.05335
0.3	2.1351
0.29	2.22836
0.28	2.33569
0.27	2.46044
0.26	2.60716
0.25	2.78208
0.24	2.99415
0.23	3.25664
0.22	3.59043
0.21	4.03086
0.2	4.64502
0.19	5.58649
0.18	7.36986
-0.18	7.36986
-0.19	5.58649
-0.2	4.64502
-0.21	4.03086
-0.22	3.59043
-0.23	3.25664
-0.24	2.99415
-0.25	2.78208
-0.26	2.60716
-0.27	2.46044
-0.28	2.33569
-0.29	2.22836
-0.3	2.1351
-0.31	2.05335
-0.32	1.98114
-0.33	1.91692
-0.34	1.85945
-0.35	1.80774
-0.36	1.76098
-0.37	1.71851
-0.38	1.67976
-0.39	1.64428
-0.4	1.61168
-0.41	1.58162
-0.42	1.55383
-0.43	1.52806
-0.44	1.5041
-0.45	1.48177
-0.46	1.4609
-0.47	1.44137
-0.48	1.42305
-0.49	1.40583
-0.5	1.38962
-0.51	1.37433
-0.52	1.35988
-0.53	1.34622
-0.54	1.33327
-0.55	1.32098
-0.56	1.30931
-0.57	1.29821
-0.58	1.28763
-0.59	1.27755
-0.6	1.26793
-0.61	1.25874
-0.62	1.24995
-0.63	1.24153
-0.64	1.23347
-0.65	1.22574
-0.66	1.21832
-0.67	1.21119
-0.68	1.20433
-0.69	1.19774
-0.7	1.19139
-0.71	1.18527
-0.72	1.17938
-0.73	1.17369
-0.74	1.1682
-0.75	1.1629
-0.76	1.15777
-0.77	1.15282
-0.78	1.14802
-0.79	1.14338
-0.8	1.13889
-0.81	1.13453
-0.82	1.13031
-0.83	1.12621
-0.84	1.12224
-0.85	1.11838
-0.86	1.11463
-0.87	1.11099
-0.88	1.10746
-0.89	1.10401
-0.9	1.10067
-0.91	1.09741
-0.92	1.09424
-0.93	1.09115
-0.94	1.08815
-0.95	1.08522
-0.96	1.08236
-0.97	1.07957
-0.98	1.07686
-0.99	1.07421
-1	1.07162
-1.01	1.06909
-1.02	1.06663
-1.03	1.06422
-1.04	1.06186
-1.05	1.05956
-1.06	1.05731
-1.07	1.05511
-1.08	1.05296
-1.09	1.05086
-1.1	1.0488
-1.11	1.04678
-1.12	1.04481
-1.13	1.04288
-1.14	1.04099
-1.15	1.03913
-1.16	1.03732
-1.17	1.03554
-1.18	1.03379
-1.19	1.03208
-1.2	1.0304
-1.21	1.02876
-1.22	1.02714
-1.23	1.02556
-1.24	1.02401
-1.25	1.02248
-1.26	1.02098
-1.27	1.01951
-1.28	1.01807
-1.29	1.01665
-1.3	1.01526
-1.31	1.01389
-1.32	1.01255
-1.33	1.01123
-1.34	1.00993
-1.35	1.00865
-1.36	1.00739
-1.37	1.00616
-1.38	1.00495
-1.39	1.00375
-1.4	1.00258
-1.41	1.00142
-1.42	1.00028
-1.43	0.999166
-1.44	0.998064
-1.45	0.99698
-1.46	0.995912
-1.47	0.994861
-1.48	0.993826
-1.49	0.992807
-1.5	0.991803
-1.51	0.990814
-1.52	0.98984
-1.53	0.98888
-1.54	0.987934
-1.55	0.987002
-1.56	0.986083
-1.57	0.985177
-1.58	0.984284
-1.59	0.983404
-1.6	0.982536
-1.61	0.98168
-1.62	0.980836
-1.63	0.980004
-1.64	0.979182
-1.65	0.978372
-1.66	0.977573
-1.67	0.976785
-1.68	0.976007
-1.69	0.975239
-1.7	0.974481
-1.71	0.973733
-1.72	0.972995
-1.73	0.972266
-1.74	0.971547
-1.75	0.970836
-1.76	0.970135
-1.77	0.969442
-1.78	0.968758
-1.79	0.968083
-1.8	0.967415
-1.81	0.966756
-1.82	0.966105
-1.83	0.965462
-1.84	0.964826
-1.85	0.964198
-1.86	0.963578
-1.87	0.962964
-1.88	0.962358
-1.89	0.961759
-1.9	0.961167
-1.91	0.960582
-1.92	0.960003
-1.93	0.959431
-1.94	0.958866
-1.95	0.958307
-1.96	0.957754
-1.97	0.957207
-1.98	0.956666
-1.99	0.956131
-2	0.955602
-2.01	0.955079
-2.02	0.954562
-2.03	0.95405
-2.04	0.953543
-2.05	0.953042
-2.06	0.952547
-2.07	0.952056
-2.08	0.951571
-2.09	0.95109
-2.1	0.950615
-2.11	0.950145
-2.12	0.949679
-2.13	0.949218
-2.14	0.948762
-2.15	0.948311
-2.16	0.947864
-2.17	0.947421
-2.18	0.946983
-2.19	0.946549
-2.2	0.94612
-2.21	0.945694
-2.22	0.945273
-2.23	0.944856
-2.24	0.944443
-2.25	0.944034
-2.26	0.943629
-2.27	0.943228
-2.28	0.942831
-2.29	0.942437
-2.3	0.942047
-2.31	0.941661
-2.32	0.941278
-2.33	0.940899
-2.34	0.940523
-2.35	0.940151
-2.36	0.939782
-2.37	0.939417
-2.38	0.939054
-2.39	0.938695
-2.4	0.93834
-2.41	0.937987
-2.42	0.937638
-2.43	0.937292
-2.44	0.936949
-2.45	0.936608
-2.46	0.936271
-2.47	0.935937
-2.48	0.935606
-2.49	0.935277
-2.5	0.934951
-2.51	0.934628
-2.52	0.934308
-2.53	0.933991
-2.54	0.933676
-2.55	0.933364
-2.56	0.933055
-2.57	0.932748
-2.58	0.932443
-2.59	0.932141
-2.6	0.931842
-2.61	0.931545
-2.62	0.931251
-2.63	0.930959
-2.64	0.930669
-2.65	0.930382
-2.66	0.930097
-2.67	0.929814
-2.68	0.929533
-2.69	0.929255
-2.7	0.928979
-2.71	0.928705
-2.72	0.928433
-2.73	0.928164
-2.74	0.927896
-2.75	0.927631
-2.76	0.927367
-2.77	0.927106
-2.78	0.926847
-2.79	0.926589
-2.8	0.926334
-2.81	0.92608
-2.82	0.925829
-2.83	0.925579
-2.84	0.925331
-2.85	0.925085
-2.86	0.924841
-2.87	0.924599
-2.88	0.924359
-2.89	0.92412
-2.9	0.923883
-2.91	0.923648
-2.92	0.923414
-2.93	0.923182
-2.94	0.922952
-2.95	0.922723
-2.96	0.922497
-2.97	0.922271
-2.98	0.922048
-2.99	0.921826
-3	0.921605
-3.01	0.921386
-3.02	0.921169
-3.03	0.920953
-3.04	0.920739
-3.05	0.920526
-3.06	0.920314
-3.07	0.920104
-3.08	0.919896
-3.09	0.919689
-3.1	0.919483
-3.11	0.919279
-3.12	0.919076
-3.13	0.918875
-3.14	0.918674
-3.15	0.918476
-3.16	0.918278
-3.17	0.918082
-3.18	0.917887
-3.19	0.917694
-3.2	0.917501
-3.21	0.91731
-3.22	0.917121
-3.23	0.916932
-3.24	0.916745
-3.25	0.916559
-3.26	0.916374
-3.27	0.91619
-3.28	0.916008
-3.29	0.915827
-3.3	0.915646
-3.31	0.915467
-3.32	0.91529
-3.33	0.915113
-3.34	0.914937
-3.35	0.914763
-3.36	0.914589
-3.37	0.914417
-3.38	0.914246
-3.39	0.914076
-3.4	0.913907
-3.41	0.913738
-3.42	0.913571
-3.43	0.913405
-3.44	0.91324
-3.45	0.913076
-3.46	0.912913
-3.47	0.912751
-3.48	0.91259
-3.49	0.91243
-3.5	0.912271
-3.51	0.912113
-3.52	0.911956
-3.53	0.9118
-3.54	0.911644
-3.55	0.91149
-3.56	0.911336
-3.57	0.911184
-3.58	0.911032
-3.59	0.910881
-3.6	0.910731
-3.61	0.910582
-3.62	0.910434
-3.63	0.910287
-3.64	0.91014
-3.65	0.909995
-3.66	0.90985
-3.67	0.909706
-3.68	0.909563
-3.69	0.90942
-3.7	0.909279
-3.71	0.909138
-3.72	0.908998
-3.73	0.908859
-3.74	0.908721
-3.75	0.908583
-3.76	0.908446
-3.77	0.90831
-3.78	0.908175
-3.79	0.90804
-3.8	0.907906
-3.81	0.907773
-3.82	0.907641
-3.83	0.907509
-3.84	0.907378
-3.85	0.907248
-3.86	0.907119
-3.87	0.90699
-3.88	0.906862
-3.89	0.906734
-3.9	0.906608
-3.91	0.906482
-3.92	0.906356
-3.93	0.906232
-3.94	0.906108
-3.95	0.905984
-3.96	0.905861
-3.97	0.905739
-3.98	0.905618
-3.99	0.905497
-4	0.905377
-4.01	0.905257
-4.02	0.905138
-4.03	0.90502
-4.04	0.904902
-4.05	0.904785
-4.06	0.904669
-4.07	0.904553
-4.08	0.904438
-4.09	0.904323
-4.1	0.904209
-4.11	0.904095
-4.12	0.903982
-4.13	0.90387
-4.14	0.903758
-4.15	0.903647
-4.16	0.903536
-4.17	0.903426
-4.18	0.903316
-4.19	0.903207
-4.2	0.903099
-4.21	0.902991
-4.22	0.902883
-4.23	0.902776
-4.24	0.90267
-4.25	0.902564
-4.26	0.902459
-4.27	0.902354
-4.28	0.90225
-4.29	0.902146
-4.3	0.902042
-4.31	0.90194
-4.32	0.901837
-4.33	0.901735
-4.34	0.901634
-4.35	0.901533
-4.36	0.901433
-4.37	0.901333
-4.38	0.901234
-4.39	0.901135
-4.4	0.901036
-4.41	0.900938
-4.42	0.900841
-4.43	0.900743
-4.44	0.900647
-4.45	0.900551
-4.46	0.900455
-4.47	0.90036
-4.48	0.900265
-4.49	0.90017
-4.5	0.900076
-4.51	0.899983
-4.52	0.89989
-4.53	0.899797
-4.54	0.899705
-4.55	0.899613
-4.56	0.899522
-4.57	0.899431
-4.58	0.89934
-4.59	0.89925
-4.6	0.89916
-4.61	0.899071
-4.62	0.898982
-4.63	0.898893
-4.64	0.898805
-4.65	0.898717
-4.66	0.89863
-4.67	0.898543
-4.68	0.898456
-4.69	0.89837
-4.7	0.898284
-4.71	0.898199
-4.72	0.898114
-4.73	0.898029
-4.74	0.897945
-4.75	0.897861
-4.76	0.897777
-4.77	0.897694
-4.78	0.897611
-4.79	0.897528
-4.8	0.897446
-4.81	0.897364
-4.82	0.897283
-4.83	0.897202
-4.84	0.897121
-4.85	0.897041
-4.86	0.896961
-4.87	0.896881
-4.88	0.896801
-4.89	0.896722
-4.9	0.896644
-4.91	0.896565
-4.92	0.896487
-4.93	0.89641
-4.94	0.896332
-4.95	0.896255
-4.96	0.896178
-4.97	0.896102
-4.98	0.896026
-4.99	0.89595
-5	0.895874
-5.01	0.895799
-5.02	0.895724
-5.03	0.89565
-5.04	0.895576
-5.05	0.895502
-5.06	0.895428
-5.07	0.895355
-5.08	0.895282
-5.09	0.895209
-5.1	0.895136
-5.11	0.895064
-5.12	0.894992
-5.13	0.894921
-5.14	0.89485
-5.15	0.894779
-5.16	0.894708
-5.17	0.894637
-5.18	0.894567
-5.19	0.894497
-5.2	0.894428
-5.21	0.894359
-5.22	0.894289
-5.23	0.894221
-5.24	0.894152
-5.25	0.894084
-5.26	0.894016
-5.27	0.893948
-5.28	0.893881
-5.29	0.893814
-5.3	0.893747
-5.31	0.89368
-5.32	0.893614
-5.33	0.893548
-5.34	0.893482
-5.35	0.893416
-5.36	0.893351
-5.37	0.893286
-5.38	0.893221
-5.39	0.893156
-5.4	0.893092
-5.41	0.893028
-5.42	0.892964
-5.43	0.8929
-5.44	0.892837
-5.45	0.892774
-5.46	0.892711
-5.47	0.892648
-5.48	0.892586
-5.49	0.892524
-5.5	0.892462
-5.51	0.8924
-5.52	0.892338
-5.53	0.892277
-5.54	0.892216
-5.55	0.892155
-5.56	0.892095
-5.57	0.892034
-5.58	0.891974
-5.59	0.891914
-5.6	0.891855
-5.61	0.891795
-5.62	0.891736
-5.63	0.891677
-5.64	0.891618
-5.65	0.891559
-5.66	0.891501
-5.67	0.891443
-5.68	0.891385
-5.69	0.891327
-5.7	0.891269
-5.71	0.891212
-5.72	0.891155
-5.73	0.891098
-5.74	0.891041
-5.75	0.890985
-5.76	0.890928
-5.77	0.890872
-5.78	0.890816
-5.79	0.890761
-5.8	0.890705
-5.81	0.89065
-5.82	0.890595
-5.83	0.89054
-5.84	0.890485
-5.85	0.89043
-5.86	0.890376
-5.87	0.890322
-5.88	0.890268
-5.89	0.890214
-5.9	0.890161
-5.91	0.890107
-5.92	0.890054
-5.93	0.890001
-5.94	0.889948
-5.95	0.889895
-5.96	0.889843
-5.97	0.88979
-5.98	0.889738
-5.99	0.889686
-6	0.889635
-6.01	0.889583
-6.02	0.889532
-6.03	0.88948
-6.04	0.889429
-6.05	0.889378
-6.06	0.889328
-6.07	0.889277
-6.08	0.889227
-6.09	0.889177
-6.1	0.889126
-6.11	0.889077
-6.12	0.889027
-6.13	0.888977
-6.14	0.888928
-6.15	0.888879
-6.16	0.88883
-6.17	0.888781
-6.18	0.888732
-6.19	0.888684
-6.2	0.888635
-6.21	0.888587
-6.22	0.888539
-6.23	0.888491
-6.24	0.888443
-6.25	0.888396
-6.26	0.888348
-6.27	0.888301
-6.28	0.888254
-6.29	0.888207
-6.3	0.88816
-6.31	0.888113
-6.32	0.888067
-6.33	0.88802
-6.34	0.887974
-6.35	0.887928
-6.36	0.887882
-6.37	0.887836
-6.38	0.887791
-6.39	0.887745
-6.4	0.8877
-6.41	0.887655
-6.42	0.88761
-6.43	0.887565
-6.44	0.88752
-6.45	0.887476
-6.46	0.887431
-6.47	0.887387
-6.48	0.887343
-6.49	0.887299
-6.5	0.887255
-6.51	0.887211
-6.52	0.887167
-6.53	0.887124
-6.54	0.88708
-6.55	0.887037
-6.56	0.886994
-6.57	0.886951
-6.58	0.886908
-6.59	0.886866
-6.6	0.886823
-6.61	0.886781
-6.62	0.886738
-6.63	0.886696
-6.64	0.886654
-6.65	0.886612
-6.66	0.886571
-6.67	0.886529
-6.68	0.886487
-6.69	0.886446
-6.7	0.886405
-6.71	0.886364
-6.72	0.886323
-6.73	0.886282
-6.74	0.886241
-6.75	0.8862
-6.76	0.88616
-6.77	0.886119
-6.78	0.886079
-6.79	0.886039
-6.8	0.885999
-6.81	0.885959
-6.82	0.885919
-6.83	0.88588
-6.84	0.88584
-6.85	0.885801
-6.86	0.885761
-6.87	0.885722
-6.88	0.885683
-6.89	0.885644
-6.9	0.885605
-6.91	0.885567
-6.92	0.885528
-6.93	0.88549
-6.94	0.885451
-6.95	0.885413
-6.96	0.885375
-6.97	0.885337
-6.98	0.885299
-6.99	0.885261
-7	0.885223
-7.01	0.885186
-7.02	0.885148
-7.03	0.885111
-7.04	0.885074
-7.05	0.885036
-7.06	0.884999
-7.07	0.884962
-7.08	0.884926
-7.09	0.884889
-7.1	0.884852
-7.11	0.884816
-7.12	0.884779
-7.13	0.884743
-7.14	0.884707
-7.15	0.884671
-7.16	0.884635
-7.17	0.884599
-7.18	0.884563
-7.19	0.884527
-7.2	0.884492
-7.21	0.884456
-7.22	0.884421
-7.23	0.884386
-7.24	0.88435
-7.25	0.884315
-7.26	0.88428
-7.27	0.884246
-7.28	0.884211
-7.29	0.884176
-7.3	0.884141
-7.31	0.884107
-7.32	0.884073
-7.33	0.884038
-7.34	0.884004
-7.35	0.88397
-7.36	0.883936
-7.37	0.883902
-7.38	0.883868
-7.39	0.883834
-7.4	0.883801
-7.41	0.883767
-7.42	0.883734
-7.43	0.8837
-7.44	0.883667
-7.45	0.883634
-7.46	0.883601
-7.47	0.883568
-7.48	0.883535
-7.49	0.883502
-7.5	0.883469
-7.51	0.883437
-7.52	0.883404
-7.53	0.883372
-7.54	0.883339
-7.55	0.883307
-7.56	0.883275
-7.57	0.883243
-7.58	0.883211
-7.59	0.883179
-7.6	0.883147
-7.61	0.883115
-7.62	0.883084
-7.63	0.883052
-7.64	0.88302
-7.65	0.882989
-7.66	0.882958
-7.67	0.882926
-7.68	0.882895
-7.69	0.882864
-7.7	0.882833
-7.71	0.882802
-7.72	0.882771
-7.73	0.882741
-7.74	0.88271
-7.75	0.882679
-7.76	0.882649
-7.77	0.882618
-7.78	0.882588
-7.79	0.882558
-7.8	0.882527
-7.81	0.882497
-7.82	0.882467
-7.83	0.882437
-7.84	0.882407
-7.85	0.882378
-7.86	0.882348
-7.87	0.882318
-7.88	0.882289
-7.89	0.882259
-7.9	0.88223
-7.91	0.8822
-7.92	0.882171
-7.93	0.882142
-7.94	0.882113
-7.95	0.882084
-7.96	0.882055
-7.97	0.882026
-7.98	0.881997
-7.99	0.881968
-8	0.88194
-8.01	0.881911
-8.02	0.881882
-8.03	0.881854
-8.04	0.881826
-8.05	0.881797
-8.06	0.881769
-8.07	0.881741
-8.08	0.881713
-8.09	0.881685
-8.1	0.881657
-8.11	0.881629
-8.12	0.881601
-8.13	0.881573
-8.14	0.881546
-8.15	0.881518
-8.16	0.881491
-8.17	0.881463
-8.18	0.881436
-8.19	0.881408
-8.2	0.881381
-8.21	0.881354
-8.22	0.881327
-8.23	0.8813
-8.24	0.881273
-8.25	0.881246
-8.26	0.881219
-8.27	0.881192
-8.28	0.881165
-8.29	0.881139
-8.3	0.881112
-8.31	0.881086
-8.32	0.881059
-8.33	0.881033
-8.34	0.881006
-8.35	0.88098
-8.36	0.880954
-8.37	0.880928
-8.38	0.880902
-8.39	0.880876
-8.4	0.88085
-8.41	0.880824
-8.42	0.880798
-8.43	0.880772
-8.44	0.880747
-8.45	0.880721
-8.46	0.880695
-8.47	0.88067
-8.48	0.880644
-8.49	0.880619
-8.5	0.880594
-8.51	0.880568
-8.52	0.880543
-8.53	0.880518
-8.54	0.880493
-8.55	0.880468
-8.56	0.880443
-8.57	0.880418
-8.58	0.880393
-8.59	0.880368
-8.6	0.880344
-8.61	0.880319
-8.62	0.880294
-8.63	0.88027
-8.64	0.880245
-8.65	0.880221
-8.66	0.880196
-8.67	0.880172
-8.68	0.880148
-8.69	0.880124
-8.7	0.880099
-8.71	0.880075
-8.72	0.880051
-8.73	0.880027
-8.74	0.880003
-8.75	0.879979
-8.76	0.879956
-8.77	0.879932
-8.78	0.879908
-8.79	0.879885
-8.8	0.879861
-8.81	0.879837
-8.82	0.879814
-8.83	0.87979
-8.84	0.879767
-8.85	0.879744
-8.86	0.879721
-8.87	0.879697
-8.88	0.879674
-8.89	0.879651
-8.9	0.879628
-8.91	0.879605
-8.92	0.879582
-8.93	0.879559
-8.94	0.879536
-8.95	0.879513
-8.96	0.879491
-8.97	0.879468
-8.98	0.879445
-8.99	0.879423
-9	0.8794
-9.01	0.879378
-9.02	0.879355
-9.03	0.879333
-9.04	0.87931
-9.05	0.879288
-9.06	0.879266
-9.07	0.879244
-9.08	0.879222
-9.09	0.8792
-9.1	0.879178
-9.11	0.879156
-9.12	0.879134
-9.13	0.879112
-9.14	0.87909
-9.15	0.879068
-9.16	0.879046
-9.17	0.879025
-9.18	0.879003
-9.19	0.878981
-9.2	0.87896
-9.21	0.878938
-9.22	0.878917
-9.23	0.878895
-9.24	0.878874
-9.25	0.878853
-9.26	0.878832
-9.27	0.87881
-9.28	0.878789
-9.29	0.878768
-9.3	0.878747
-9.31	0.878726
-9.32	0.878705
-9.33	0.878684
-9.34	0.878663
-9.35	0.878642
-9.36	0.878621
-9.37	0.878601
-9.38	0.87858
-9.39	0.878559
-9.4	0.878539
-9.41	0.878518
-9.42	0.878497
-9.43	0.878477
-9.44	0.878456
-9.45	0.878436
-9.46	0.878416
-9.47	0.878395
-9.48	0.878375
-9.49	0.878355
-9.5	0.878335
-9.51	0.878315
-9.52	0.878294
-9.53	0.878274
-9.54	0.878254
-9.55	0.878234
-9.56	0.878214
-9.57	0.878195
-9.58	0.878175
-9.59	0.878155
-9.6	0.878135
-9.61	0.878115
-9.62	0.878096
-9.63	0.878076
-9.64	0.878057
-9.65	0.878037
-9.66	0.878017
-9.67	0.877998
-9.68	0.877979
-9.69	0.877959
-9.7	0.87794
-9.71	0.877921
-9.72	0.877901
-9.73	0.877882
-9.74	0.877863
-9.75	0.877844
-9.76	0.877825
-9.77	0.877806
-9.78	0.877786
-9.79	0.877768
-9.8	0.877749
-9.81	0.87773
-9.82	0.877711
-9.83	0.877692
-9.84	0.877673
-9.85	0.877654
-9.86	0.877636
-9.87	0.877617
-9.88	0.877598
-9.89	0.87758
-9.9	0.877561
-9.91	0.877543
-9.92	0.877524
-9.93	0.877506
-9.94	0.877487
-9.95	0.877469
-9.96	0.877451
-9.97	0.877432
-9.98	0.877414
-9.99	0.877396
-10	0.877378
-10.01	0.87736
-10.02	0.877341
-10.03	0.877323
-10.04	0.877305
-10.05	0.877287
-10.06	0.877269
-10.07	0.877251
-10.08	0.877234
-10.09	0.877216
-10.1	0.877198
-10.11	0.87718
-10.12	0.877162
-10.13	0.877145
-10.14	0.877127
-10.15	0.877109
-10.16	0.877092
-10.17	0.877074
-10.18	0.877057
-10.19	0.877039
-10.2	0.877022
-10.21	0.877004
-10.22	0.876987
-10.23	0.876969
-10.24	0.876952
-10.25	0.876935
-10.26	0.876918
-10.27	0.8769
-10.28	0.876883
-10.29	0.876866
-10.3	0.876849
-10.31	0.876832
-10.32	0.876815
-10.33	0.876798
-10.34	0.876781
-10.35	0.876764
-10.36	0.876747
-10.37	0.87673
-10.38	0.876713
-10.39	0.876696
-10.4	0.876679
-10.41	0.876663
-10.42	0.876646
-10.43	0.876629
-10.44	0.876613
-10.45	0.876596
-10.46	0.876579
-10.47	0.876563
-10.48	0.876546
-10.49	0.87653
-10.5	0.876513
-10.51	0.876497
-10.52	0.876481
-10.53	0.876464
-10.54	0.876448
-10.55	0.876431
-10.56	0.876415
-10.57	0.876399
-10.58	0.876383
-10.59	0.876367
-10.6	0.87635
-10.61	0.876334
-10.62	0.876318
-10.63	0.876302
-10.64	0.876286
-10.65	0.87627
-10.66	0.876254
-10.67	0.876238
-10.68	0.876222
-10.69	0.876206
-10.7	0.876191
-10.71	0.876175
-10.72	0.876159
-10.73	0.876143
-10.74	0.876128
-10.75	0.876112
-10.76	0.876096
-10.77	0.876081
-10.78	0.876065
-10.79	0.876049
-10.8	0.876034
-10.81	0.876018
-10.82	0.876003
-10.83	0.875987
-10.84	0.875972
-10.85	0.875956
-10.86	0.875941
-10.87	0.875926
-10.88	0.87591
-10.89	0.875895
-10.9	0.87588
-10.91	0.875865
-10.92	0.875849
-10.93	0.875834
-10.94	0.875819
-10.95	0.875804
-10.96	0.875789
-10.97	0.875774
-10.98	0.875759
-10.99	0.875744
-11	0.875729
-11.01	0.875714
-11.02	0.875699
-11.03	0.875684
-11.04	0.875669
-11.05	0.875654
-11.06	0.87564
-11.07	0.875625
-11.08	0.87561
-11.09	0.875595
-11.1	0.875581
-11.11	0.875566
-11.12	0.875551
-11.13	0.875537
-11.14	0.875522
-11.15	0.875507
-11.16	0.875493
-11.17	0.875478
-11.18	0.875464
-11.19	0.875449
-11.2	0.875435
-11.21	0.875421
-11.22	0.875406
-11.23	0.875392
-11.24	0.875377
-11.25	0.875363
-11.26	0.875349
-11.27	0.875335
-11.28	0.87532
-11.29	0.875306
-11.3	0.875292
-11.31	0.875278
-11.32	0.875264
-11.33	0.87525
-11.34	0.875236
-11.35	0.875221
-11.36	0.875207
-11.37	0.875193
-11.38	0.875179
-11.39	0.875166
-11.4	0.875152
-11.41	0.875138
-11.42	0.875124
-11.43	0.87511
-11.44	0.875096
-11.45	0.875082
-11.46	0.875069
-11.47	0.875055
-11.48	0.875041
-11.49	0.875027
-11.5	0.875014
-11.51	0.875
-11.52	0.874986
-11.53	0.874973
-11.54	0.874959
-11.55	0.874946
-11.56	0.874932
-11.57	0.874919
-11.58	0.874905
-11.59	0.874892
-11.6	0.874878
-11.61	0.874865
-11.62	0.874851
-11.63	0.874838
-11.64	0.874825
-11.65	0.874811
-11.66	0.874798
-11.67	0.874785
-11.68	0.874771
-11.69	0.874758
-11.7	0.874745
-11.71	0.874732
-11.72	0.874719
-11.73	0.874705
-11.74	0.874692
-11.75	0.874679
-11.76	0.874666
-11.77	0.874653
-11.78	0.87464
-11.79	0.874627
-11.8	0.874614
-11.81	0.874601
-11.82	0.874588
-11.83	0.874575
-11.84	0.874562
-11.85	0.87455
-11.86	0.874537
-11.87	0.874524
-11.88	0.874511
-11.89	0.874498
-11.9	0.874485
-11.91	0.874473
-11.92	0.87446
-11.93	0.874447
-11.94	0.874435
-11.95	0.874422
-11.96	0.874409
-11.97	0.874397
-11.98	0.874384
-11.99	0.874372
-12	0.874359
-12.01	0.874346
-12.02	0.874334
-12.03	0.874321
-12.04	0.874309
-12.05	0.874297
-12.06	0.874284
-12.07	0.874272
-12.08	0.874259
-12.09	0.874247
-12.1	0.874235
-12.11	0.874222
-12.12	0.87421
-12.13	0.874198
-12.14	0.874185
-12.15	0.874173
-12.16	0.874161
-12.17	0.874149
-12.18	0.874137
-12.19	0.874124
-12.2	0.874112
-12.21	0.8741
-12.22	0.874088
-12.23	0.874076
-12.24	0.874064
-12.25	0.874052
-12.26	0.87404
-12.27	0.874028
-12.28	0.874016
-12.29	0.874004
-12.3	0.873992
-12.31	0.87398
-12.32	0.873968
-12.33	0.873956
-12.34	0.873945
-12.35	0.873933
-12.36	0.873921
-12.37	0.873909
-12.38	0.873897
-12.39	0.873886
-12.4	0.873874
-12.41	0.873862
-12.42	0.87385
-12.43	0.873839
-12.44	0.873827
-12.45	0.873815
-12.46	0.873804
-12.47	0.873792
-12.48	0.87378
-12.49	0.873769
-12.5	0.873757
-12.51	0.873746
-12.52	0.873734
-12.53	0.873723
-12.54	0.873711
-12.55	0.8737
-12.56	0.873688
-12.57	0.873677
-12.58	0.873666
-12.59	0.873654
-12.6	0.873643
-12.61	0.873632
-12.62	0.87362
-12.63	0.873609
-12.64	0.873598
-12.65	0.873586
-12.66	0.873575
-12.67	0.873564
-12.68	0.873553
-12.69	0.873541
-12.7	0.87353
-12.71	0.873519
-12.72	0.873508
-12.73	0.873497
-12.74	0.873486
-12.75	0.873475
-12.76	0.873463
-12.77	0.873452
-12.78	0.873441
-12.79	0.87343
-12.8	0.873419
-12.81	0.873408
-12.82	0.873397
-12.83	0.873386
-12.84	0.873375
-12.85	0.873365
-12.86	0.873354
-12.87	0.873343
-12.88	0.873332
-12.89	0.873321
-12.9	0.87331
-12.91	0.873299
-12.92	0.873289
-12.93	0.873278
-12.94	0.873267
-12.95	0.873256
-12.96	0.873245
-12.97	0.873235
-12.98	0.873224
-12.99	0.873213
-13	0.873203
-13.01	0.873192
-13.02	0.873181
-13.03	0.873171
-13.04	0.87316
-13.05	0.87315
-13.06	0.873139
-13.07	0.873128
-13.08	0.873118
-13.09	0.873107
-13.1	0.873097
-13.11	0.873086
-13.12	0.873076
-13.13	0.873065
-13.14	0.873055
-13.15	0.873045
-13.16	0.873034
-13.17	0.873024
-13.18	0.873013
-13.19	0.873003
-13.2	0.872993
-13.21	0.872982
-13.22	0.872972
-13.23	0.872962
-13.24	0.872952
-13.25	0.872941
-13.26	0.872931
-13.27	0.872921
-13.28	0.872911
-13.29	0.8729
-13.3	0.87289
-13.31	0.87288
-13.32	0.87287
-13.33	0.87286
-13.34	0.87285
-13.35	0.872839
-13.36	0.872829
-13.37	0.872819
-13.38	0.872809
-13.39	0.872799
-13.4	0.872789
-13.41	0.872779
-13.42	0.872769
-13.43	0.872759
-13.44	0.872749
-13.45	0.872739
-13.46	0.872729
-13.47	0.872719
-13.48	0.872709
-13.49	0.8727
-13.5	0.87269
-13.51	0.87268
-13.52	0.87267
-13.53	0.87266
-13.54	0.87265
-13.55	0.87264
-13.56	0.872631
-13.57	0.872621
-13.58	0.872611
-13.59	0.872601
-13.6	0.872592
-13.61	0.872582
-13.62	0.872572
-13.63	0.872563
-13.64	0.872553
-13.65	0.872543
-13.66	0.872534
-13.67	0.872524
-13.68	0.872514
-13.69	0.872505
-13.7	0.872495
-13.71	0.872485
-13.72	0.872476
-13.73	0.872466
-13.74	0.872457
-13.75	0.872447
-13.76	0.872438
-13.77	0.872428
-13.78	0.872419
-13.79	0.872409
-13.8	0.8724
-13.81	0.87239
-13.82	0.872381
-13.83	0.872372
-13.84	0.872362
-13.85	0.872353
-13.86	0.872343
-13.87	0.872334
-13.88	0.872325
-13.89	0.872315
-13.9	0.872306
-13.91	0.872297
-13.92	0.872288
-13.93	0.872278
-13.94	0.872269
-13.95	0.87226
-13.96	0.87225
-13.97	0.872241
-13.98	0.872232
-13.99	0.872223
-14	0.872214
-14.01	0.872205
-14.02	0.872195
-14.03	0.872186
-14.04	0.872177
-14.05	0.872168
-14.06	0.872159
-14.07	0.87215
-14.08	0.872141
-14.09	0.872132
-14.1	0.872123
-14.11	0.872114
-14.12	0.872105
-14.13	0.872096
-14.14	0.872087
-14.15	0.872078
-14.16	0.872069
-14.17	0.87206
-14.18	0.872051
-14.19	0.872042
-14.2	0.872033
-14.21	0.872024
-14.22	0.872015
-14.23	0.872006
-14.24	0.871997
-14.25	0.871988
-14.26	0.87198
-14.27	0.871971
-14.28	0.871962
-14.29	0.871953
-14.3	0.871944
-14.31	0.871936
-14.32	0.871927
-14.33	0.871918
-14.34	0.871909
-14.35	0.871901
-14.36	0.871892
-14.37	0.871883
-14.38	0.871874
-14.39	0.871866
-14.4	0.871857
-14.41	0.871848
-14.42	0.87184
-14.43	0.871831
-14.44	0.871822
-14.45	0.871814
-14.46	0.871805
-14.47	0.871797
-14.48	0.871788
-14.49	0.87178
-14.5	0.871771
-14.51	0.871762
-14.52	0.871754
-14.53	0.871745
-14.54	0.871737
-14.55	0.871728
-14.56	0.87172
-14.57	0.871711
-14.58	0.871703
-14.59	0.871695
-14.6	0.871686
-14.61	0.871678
-14.62	0.871669
-14.63	0.871661
-14.64	0.871653
-14.65	0.871644
-14.66	0.871636
-14.67	0.871627
-14.68	0.871619
-14.69	0.871611
-14.7	0.871602
-14.71	0.871594
-14.72	0.871586
-14.73	0.871578
-14.74	0.871569
-14.75	0.871561
-14.76	0.871553
-14.77	0.871545
-14.78	0.871536
-14.79	0.871528
-14.8	0.87152
-14.81	0.871512
-14.82	0.871504
-14.83	0.871495
-14.84	0.871487
-14.85	0.871479
-14.86	0.871471
-14.87	0.871463
-14.88	0.871455
-14.89	0.871447
-14.9	0.871439
-14.91	0.87143
-14.92	0.871422
-14.93	0.871414
-14.94	0.871406
-14.95	0.871398
-14.96	0.87139
-14.97	0.871382
-14.98	0.871374
-14.99	0.871366
-15	0.871358
-15.01	0.87135
-15.02	0.871342
-15.03	0.871334
-15.04	0.871326
-15.05	0.871318
-15.06	0.87131
-15.07	0.871303
-15.08	0.871295
-15.09	0.871287
-15.1	0.871279
-15.11	0.871271
-15.12	0.871263
-15.13	0.871255
-15.14	0.871248
-15.15	0.87124
-15.16	0.871232
-15.17	0.871224
-15.18	0.871216
-15.19	0.871208
-15.2	0.871201
-15.21	0.871193
-15.22	0.871185
-15.23	0.871177
-15.24	0.87117
-15.25	0.871162
-15.26	0.871154
-15.27	0.871147
-15.28	0.871139
-15.29	0.871131
-15.3	0.871124
-15.31	0.871116
-15.32	0.871108
-15.33	0.871101
-15.34	0.871093
-15.35	0.871085
-15.36	0.871078
-15.37	0.87107
-15.38	0.871063
-15.39	0.871055
-15.4	0.871047
-15.41	0.87104
-15.42	0.871032
-15.43	0.871025
-15.44	0.871017
-15.45	0.87101
-15.46	0.871002
-15.47	0.870995
-15.48	0.870987
-15.49	0.87098
-15.5	0.870972
-15.51	0.870965
-15.52	0.870957
-15.53	0.87095
-15.54	0.870942
-15.55	0.870935
-15.56	0.870928
-15.57	0.87092
-15.58	0.870913
-15.59	0.870905
-15.6	0.870898
-15.61	0.870891
-15.62	0.870883
-15.63	0.870876
-15.64	0.870869
-15.65	0.870861
-15.66	0.870854
-15.67	0.870847
-15.68	0.870839
-15.69	0.870832
-15.7	0.870825
-15.71	0.870818
-15.72	0.87081
-15.73	0.870803
-15.74	0.870796
-15.75	0.870789
-15.76	0.870781
-15.77	0.870774
-15.78	0.870767
-15.79	0.87076
-15.8	0.870753
-15.81	0.870745
-15.82	0.870738
-15.83	0.870731
-15.84	0.870724
-15.85	0.870717
-15.86	0.87071
-15.87	0.870703
-15.88	0.870695
-15.89	0.870688
-15.9	0.870681
-15.91	0.870674
-15.92	0.870667
-15.93	0.87066
-15.94	0.870653
-15.95	0.870646
-15.96	0.870639
-15.97	0.870632
-15.98	0.870625
-15.99	0.870618
-16	0.870611
-16.01	0.870604
-16.02	0.870597
-16.03	0.87059
-16.04	0.870583
-16.05	0.870576
-16.06	0.870569
-16.07	0.870562
-16.08	0.870555
-16.09	0.870548
-16.1	0.870541
-16.11	0.870534
-16.12	0.870527
-16.13	0.87052
-16.14	0.870514
-16.15	0.870507
-16.16	0.8705
-16.17	0.870493
-16.18	0.870486
-16.19	0.870479
-16.2	0.870472
-16.21	0.870466
-16.22	0.870459
-16.23	0.870452
-16.24	0.870445
-16.25	0.870438
-16.26	0.870432
-16.27	0.870425
-16.28	0.870418
-16.29	0.870411
-16.3	0.870405
-16.31	0.870398
-16.32	0.870391
-16.33	0.870384
-16.34	0.870378
-16.35	0.870371
-16.36	0.870364
-16.37	0.870358
-16.38	0.870351
-16.39	0.870344
-16.4	0.870338
-16.41	0.870331
-16.42	0.870324
-16.43	0.870318
-16.44	0.870311
-16.45	0.870304
-16.46	0.870298
-16.47	0.870291
-16.48	0.870285
-16.49	0.870278
-16.5	0.870271
-16.51	0.870265
-16.52	0.870258
-16.53	0.870252
-16.54	0.870245
-16.55	0.870239
-16.56	0.870232
-16.57	0.870226
-16.58	0.870219
-16.59	0.870212
-16.6	0.870206
-16.61	0.8702
-16.62	0.870193
-16.63	0.870187
-16.64	0.87018
-16.65	0.870174
-16.66	0.870167
-16.67	0.870161
-16.68	0.870154
-16.69	0.870148
-16.7	0.870141
-16.71	0.870135
-16.72	0.870129
-16.73	0.870122
-16.74	0.870116
-16.75	0.870109
-16.76	0.870103
-16.77	0.870097
-16.78	0.87009
-16.79	0.870084
-16.8	0.870078
-16.81	0.870071
-16.82	0.870065
-16.83	0.870059
-16.84	0.870052
-16.85	0.870046
-16.86	0.87004
-16.87	0.870033
-16.88	0.870027
-16.89	0.870021
-16.9	0.870014
-16.91	0.870008
-16.92	0.870002
-16.93	0.869996
-16.94	0.86999
-16.95	0.869983
-16.96	0.869977
-16.97	0.869971
-16.98	0.869965
-16.99	0.869958
-17	0.869952
-17.01	0.869946
-17.02	0.86994
-17.03	0.869934
-17.04	0.869927
-17.05	0.869921
-17.06	0.869915
-17.07	0.869909
-17.08	0.869903
-17.09	0.869897
-17.1	0.869891
-17.11	0.869884
-17.12	0.869878
-17.13	0.869872
-17.14	0.869866
-17.15	0.86986
-17.16	0.869854
-17.17	0.869848
-17.18	0.869842
-17.19	0.869836
-17.2	0.86983
-17.21	0.869824
-17.22	0.869818
-17.23	0.869812
-17.24	0.869806
-17.25	0.8698
-17.26	0.869794
-17.27	0.869788
-17.28	0.869782
-17.29	0.869776
-17.3	0.86977
-17.31	0.869764
-17.32	0.869758
-17.33	0.869752
-17.34	0.869746
-17.35	0.86974
-17.36	0.869734
-17.37	0.869728
-17.38	0.869722
-17.39	0.869716
-17.4	0.86971
-17.41	0.869704
-17.42	0.869698
-17.43	0.869693
-17.44	0.869687
-17.45	0.869681
-17.46	0.869675
-17.47	0.869669
-17.48	0.869663
-17.49	0.869657
-17.5	0.869651
-17.51	0.869646
-17.52	0.86964
-17.53	0.869634
-17.54	0.869628
-17.55	0.869622
-17.56	0.869617
-17.57	0.869611
-17.58	0.869605
-17.59	0.869599
-17.6	0.869593
-17.61	0.869588
-17.62	0.869582
-17.63	0.869576
-17.64	0.86957
-17.65	0.869565
-17.66	0.869559
-17.67	0.869553
-17.68	0.869547
-17.69	0.869542
-17.7	0.869536
-17.71	0.86953
-17.72	0.869525
-17.73	0.869519
-17.74	0.869513
-17.75	0.869507
-17.76	0.869502
-17.77	0.869496
-17.78	0.86949
-17.79	0.869485
-17.8	0.869479
-17.81	0.869474
-17.82	0.869468
-17.83	0.869462
-17.84	0.869457
-17.85	0.869451
-17.86	0.869445
-17.87	0.86944
-17.88	0.869434
-17.89	0.869429
-17.9	0.869423
-17.91	0.869417
-17.92	0.869412
-17.93	0.869406
-17.94	0.869401
-17.95	0.869395
-17.96	0.86939
-17.97	0.869384
-17.98	0.869379
-17.99	0.869373
-18	0.869368
-18.01	0.869362
-18.02	0.869357
-18.03	0.869351
-18.04	0.869346
-18.05	0.86934
-18.06	0.869335
-18.07	0.869329
-18.08	0.869324
-18.09	0.869318
-18.1	0.869313
-18.11	0.869307
-18.12	0.869302
-18.13	0.869296
-18.14	0.869291
-18.15	0.869285
-18.16	0.86928
-18.17	0.869275
-18.18	0.869269
-18.19	0.869264
-18.2	0.869258
-18.21	0.869253
-18.22	0.869248
-18.23	0.869242
-18.24	0.869237
-18.25	0.869231
-18.26	0.869226
-18.27	0.869221
-18.28	0.869215
-18.29	0.86921
-18.3	0.869205
-18.31	0.869199
-18.32	0.869194
-18.33	0.869189
-18.34	0.869183
-18.35	0.869178
-18.36	0.869173
-18.37	0.869168
-18.38	0.869162
-18.39	0.869157
-18.4	0.869152
-18.41	0.869146
-18.42	0.869141
-18.43	0.869136
-18.44	0.869131
-18.45	0.869125
-18.46	0.86912
-18.47	0.869115
-18.48	0.86911
-18.49	0.869104
-18.5	0.869099
-18.51	0.869094
-18.52	0.869089
-18.53	0.869084
-18.54	0.869078
-18.55	0.869073
-18.56	0.869068
-18.57	0.869063
-18.58	0.869058
-18.59	0.869052
-18.6	0.869047
-18.61	0.869042
-18.62	0.869037
-18.63	0.869032
-18.64	0.869027
-18.65	0.869021
-18.66	0.869016
-18.67	0.869011
-18.68	0.869006
-18.69	0.869001
-18.7	0.868996
-18.71	0.868991
-18.72	0.868986
-18.73	0.868981
-18.74	0.868975
-18.75	0.86897
-18.76	0.868965
-18.77	0.86896
-18.78	0.868955
-18.79	0.86895
-18.8	0.868945
-18.81	0.86894
-18.82	0.868935
-18.83	0.86893
-18.84	0.868925
-18.85	0.86892
-18.86	0.868915
-18.87	0.86891
-18.88	0.868905
-18.89	0.8689
-18.9	0.868895
-18.91	0.86889
-18.92	0.868885
-18.93	0.86888
-18.94	0.868875
-18.95	0.86887
-18.96	0.868865
-18.97	0.86886
-18.98	0.868855
-18.99	0.86885
-19	0.868845
-19.01	0.86884
-19.02	0.868835
-19.03	0.86883
-19.04	0.868825
-19.05	0.86882
-19.06	0.868815
-19.07	0.86881
-19.08	0.868806
-19.09	0.868801
-19.1	0.868796
-19.11	0.868791
-19.12	0.868786
-19.13	0.868781
-19.14	0.868776
-19.15	0.868771
-19.16	0.868766
-19.17	0.868762
-19.18	0.868757
-19.19	0.868752
-19.2	0.868747
-19.21	0.868742
-19.22	0.868737
-19.23	0.868733
-19.24	0.868728
-19.25	0.868723
-19.26	0.868718
-19.27	0.868713
-19.28	0.868708
-19.29	0.868704
-19.3	0.868699
-19.31	0.868694
-19.32	0.868689
-19.33	0.868685
-19.34	0.86868
-19.35	0.868675
-19.36	0.86867
-19.37	0.868665
-19.38	0.868661
-19.39	0.868656
-19.4	0.868651
-19.41	0.868646
-19.42	0.868642
-19.43	0.868637
-19.44	0.868632
-19.45	0.868628
-19.46	0.868623
-19.47	0.868618
-19.48	0.868613
-19.49	0.868609
-19.5	0.868604
-19.51	0.868599
-19.52	0.868595
-19.53	0.86859
-19.54	0.868585
-19.55	0.868581
-19.56	0.868576
-19.57	0.868571
-19.58	0.868567
-19.59	0.868562
-19.6	0.868557
-19.61	0.868553
-19.62	0.868548
-19.63	0.868543
-19.64	0.868539
-19.65	0.868534
-19.66	0.868529
-19.67	0.868525
-19.68	0.86852
-19.69	0.868516
-19.7	0.868511
-19.71	0.868506
-19.72	0.868502
-19.73	0.868497
-19.74	0.868493
-19.75	0.868488
-19.76	0.868484
-19.77	0.868479
-19.78	0.868474
-19.79	0.86847
-19.8	0.868465
-19.81	0.868461
-19.82	0.868456
-19.83	0.868452
-19.84	0.868447
-19.85	0.868443
-19.86	0.868438
-19.87	0.868434
-19.88	0.868429
-19.89	0.868425
-19.9	0.86842
-19.91	0.868416
-19.92	0.868411
-19.93	0.868407
-19.94	0.868402
-19.95	0.868398
-19.96	0.868393
-19.97	0.868389
-19.98	0.868384
-19.99	0.86838
-20	0.868375
-20.01	0.868371
-20.02	0.868366
-20.03	0.868362
-20.04	0.868357
-20.05	0.868353
-20.06	0.868348
-20.07	0.868344
-20.08	0.86834
-20.09	0.868335
-20.1	0.868331
-20.11	0.868326
-20.12	0.868322
-20.13	0.868318
-20.14	0.868313
-20.15	0.868309
-20.16	0.868304
-20.17	0.8683
-20.18	0.868296
-20.19	0.868291
-20.2	0.868287
-20.21	0.868282
-20.22	0.868278
-20.23	0.868274
-20.24	0.868269
-20.25	0.868265
-20.26	0.868261
-20.27	0.868256
-20.28	0.868252
-20.29	0.868248
-20.3	0.868243
-20.31	0.868239
-20.32	0.868235
-20.33	0.86823
-20.34	0.868226
-20.35	0.868222
-20.36	0.868217
-20.37	0.868213
-20.38	0.868209
-20.39	0.868205
-20.4	0.8682
-20.41	0.868196
-20.42	0.868192
-20.43	0.868187
-20.44	0.868183
-20.45	0.868179
-20.46	0.868175
-20.47	0.86817
-20.48	0.868166
-20.49	0.868162
-20.5	0.868158
-20.51	0.868153
-20.52	0.868149
-20.53	0.868145
-20.54	0.868141
-20.55	0.868136
-20.56	0.868132
-20.57	0.868128
-20.58	0.868124
-20.59	0.86812
-20.6	0.868115
-20.61	0.868111
-20.62	0.868107
-20.63	0.868103
-20.64	0.868099
-20.65	0.868094
-20.66	0.86809
-20.67	0.868086
-20.68	0.868082
-20.69	0.868078
-20.7	0.868074
-20.71	0.868069
-20.72	0.868065
-20.73	0.868061
-20.74	0.868057
-20.75	0.868053
-20.76	0.868049
-20.77	0.868044
-20.78	0.86804
-20.79	0.868036
-20.8	0.868032
-20.81	0.868028
-20.82	0.868024
-20.83	0.86802
-20.84	0.868016
-20.85	0.868012
-20.86	0.868007
-20.87	0.868003
-20.88	0.867999
-20.89	0.867995
-20.9	0.867991
-20.91	0.867987
-20.92	0.867983
-20.93	0.867979
-20.94	0.867975
-20.95	0.867971
-20.96	0.867967
-20.97	0.867963
-20.98	0.867959
-20.99	0.867954
-21	0.86795
-21.01	0.867946
-21.02	0.867942
-21.03	0.867938
-21.04	0.867934
-21.05	0.86793
-21.06	0.867926
-21.07	0.867922
-21.08	0.867918
-21.09	0.867914
-21.1	0.86791
-21.11	0.867906
-21.12	0.867902
-21.13	0.867898
-21.14	0.867894
-21.15	0.86789
-21.16	0.867886
-21.17	0.867882
-21.18	0.867878
-21.19	0.867874
-21.2	0.86787
-21.21	0.867866
-21.22	0.867862
-21.23	0.867858
-21.24	0.867855
-21.25	0.867851
-21.26	0.867847
-21.27	0.867843
-21.28	0.867839
-21.29	0.867835
-21.3	0.867831
-21.31	0.867827
-21.32	0.867823
-21.33	0.867819
-21.34	0.867815
-21.35	0.867811
-21.36	0.867807
-21.37	0.867804
-21.38	0.8678
-21.39	0.867796
-21.4	0.867792
-21.41	0.867788
-21.42	0.867784
-21.43	0.86778
-21.44	0.867776
-21.45	0.867772
-21.46	0.867769
-21.47	0.867765
-21.48	0.867761
-21.49	0.867757
-21.5	0.867753
-21.51	0.867749
-21.52	0.867745
-21.53	0.867742
-21.54	0.867738
-21.55	0.867734
-21.56	0.86773
-21.57	0.867726
-21.58	0.867722
-21.59	0.867719
-21.6	0.867715
-21.61	0.867711
-21.62	0.867707
-21.63	0.867703
-21.64	0.867699
-21.65	0.867696
-21.66	0.867692
-21.67	0.867688
-21.68	0.867684
-21.69	0.86768
-21.7	0.867677
-21.71	0.867673
-21.72	0.867669
-21.73	0.867665
-21.74	0.867662
-21.75	0.867658
-21.76	0.867654
-21.77	0.86765
-21.78	0.867647
-21.79	0.867643
-21.8	0.867639
-21.81	0.867635
-21.82	0.867631
-21.83	0.867628
-21.84	0.867624
-21.85	0.86762
-21.86	0.867617
-21.87	0.867613
-21.88	0.867609
-21.89	0.867605
-21.9	0.867602
-21.91	0.867598
-21.92	0.867594
-21.93	0.867591
-21.94	0.867587
-21.95	0.867583
-21.96	0.867579
-21.97	0.867576
-21.98	0.867572
-21.99	0.867568
-22	0.867565
-22.01	0.867561
-22.02	0.867557
-22.03	0.867554
-22.04	0.86755
-22.05	0.867546
-22.06	0.867543
-22.07	0.867539
-22.08	0.867535
-22.09	0.867532
-22.1	0.867528
-22.11	0.867524
-22.12	0.867521
-22.13	0.867517
-22.14	0.867513
-22.15	0.86751
-22.16	0.867506
-22.17	0.867503
-22.18	0.867499
-22.19	0.867495
-22.2	0.867492
-22.21	0.867488
-22.22	0.867485
-22.23	0.867481
-22.24	0.867477
-22.25	0.867474
-22.26	0.86747
-22.27	0.867467
-22.28	0.867463
-22.29	0.867459
-22.3	0.867456
-22.31	0.867452
-22.32	0.867449
-22.33	0.867445
-22.34	0.867441
-22.35	0.867438
-22.36	0.867434
-22.37	0.867431
-22.38	0.867427
-22.39	0.867424
-22.4	0.86742
-22.41	0.867417
-22.42	0.867413
-22.43	0.867409
-22.44	0.867406
-22.45	0.867402
-22.46	0.867399
-22.47	0.867395
-22.48	0.867392
-22.49	0.867388
-22.5	0.867385
-22.51	0.867381
-22.52	0.867378
-22.53	0.867374
-22.54	0.867371
-22.55	0.867367
-22.56	0.867364
-22.57	0.86736
-22.58	0.867357
-22.59	0.867353
-22.6	0.86735
-22.61	0.867346
-22.62	0.867343
-22.63	0.867339
-22.64	0.867336
-22.65	0.867332
-22.66	0.867329
-22.67	0.867325
-22.68	0.867322
-22.69	0.867319
-22.7	0.867315
-22.71	0.867312
-22.72	0.867308
-22.73	0.867305
-22.74	0.867301
-22.75	0.867298
-22.76	0.867294
-22.77	0.867291
-22.78	0.867287
-22.79	0.867284
-22.8	0.867281
-22.81	0.867277
-22.82	0.867274
-22.83	0.86727
-22.84	0.867267
-22.85	0.867264
-22.86	0.86726
-22.87	0.867257
-22.88	0.867253
-22.89	0.86725
-22.9	0.867247
-22.91	0.867243
-22.92	0.86724
-22.93	0.867236
-22.94	0.867233
-22.95	0.86723
-22.96	0.867226
-22.97	0.867223
-22.98	0.867219
-22.99	0.867216
-23	0.867213
-23.01	0.867209
-23.02	0.867206
-23.03	0.867203
-23.04	0.867199
-23.05	0.867196
-23.06	0.867193
-23.07	0.867189
-23.08	0.867186
-23.09	0.867183
-23.1	0.867179
-23.11	0.867176
-23.12	0.867173
-23.13	0.867169
-23.14	0.867166
-23.15	0.867163
-23.16	0.867159
-23.17	0.867156
-23.18	0.867153
-23.19	0.867149
-23.2	0.867146
-23.21	0.867143
-23.22	0.867139
-23.23	0.867136
-23.24	0.867133
-23.25	0.86713
-23.26	0.867126
-23.27	0.867123
-23.28	0.86712
-23.29	0.867116
-23.3	0.867113
-23.31	0.86711
-23.32	0.867106
-23.33	0.867103
-23.34	0.8671
-23.35	0.867097
-23.36	0.867093
-23.37	0.86709
-23.38	0.867087
-23.39	0.867084
-23.4	0.86708
-23.41	0.867077
-23.42	0.867074
-23.43	0.867071
-23.44	0.867067
-23.45	0.867064
-23.46	0.867061
-23.47	0.867058
-23.48	0.867055
-23.49	0.867051
-23.5	0.867048
-23.51	0.867045
-23.52	0.867042
-23.53	0.867038
-23.54	0.867035
-23.55	0.867032
-23.56	0.867029
-23.57	0.867026
-23.58	0.867022
-23.59	0.867019
-23.6	0.867016
-23.61	0.867013
-23.62	0.86701
-23.63	0.867006
-23.64	0.867003
-23.65	0.867
-23.66	0.866997
-23.67	0.866994
-23.68	0.866991
-23.69	0.866987
-23.7	0.866984
-23.71	0.866981
-23.72	0.866978
-23.73	0.866975
-23.74	0.866971
-23.75	0.866968
-23.76	0.866965
-23.77	0.866962
-23.78	0.866959
-23.79	0.866956
-23.8	0.866953
-23.81	0.866949
-23.82	0.866946
-23.83	0.866943
-23.84	0.86694
-23.85	0.866937
-23.86	0.866934
-23.87	0.866931
-23.88	0.866928
-23.89	0.866924
-23.9	0.866921
-23.91	0.866918
-23.92	0.866915
-23.93	0.866912
-23.94	0.866909
-23.95	0.866906
-23.96	0.866903
-23.97	0.8669
-23.98	0.866896
-23.99	0.866893
-24	0.86689
-24.01	0.866887
-24.02	0.866884
-24.03	0.866881
-24.04	0.866878
-24.05	0.866875
-24.06	0.866872
-24.07	0.866869
-24.08	0.866866
-24.09	0.866863
-24.1	0.86686
-24.11	0.866856
-24.12	0.866853
-24.13	0.86685
-24.14	0.866847
-24.15	0.866844
-24.16	0.866841
-24.17	0.866838
-24.18	0.866835
-24.19	0.866832
-24.2	0.866829
-24.21	0.866826
-24.22	0.866823
-24.23	0.86682
-24.24	0.866817
-24.25	0.866814
-24.26	0.866811
-24.27	0.866808
-24.28	0.866805
-24.29	0.866802
-24.3	0.866799
-24.31	0.866796
-24.32	0.866793
-24.33	0.86679
-24.34	0.866787
-24.35	0.866784
-24.36	0.866781
-24.37	0.866778
-24.38	0.866775
-24.39	0.866772
-24.4	0.866769
-24.41	0.866766
-24.42	0.866763
-24.43	0.86676
-24.44	0.866757
-24.45	0.866754
-24.46	0.866751
-24.47	0.866748
-24.48	0.866745
-24.49	0.866742
-24.5	0.866739
-24.51	0.866736
-24.52	0.866733
-24.53	0.86673
-24.54	0.866727
-24.55	0.866724
-24.56	0.866721
-24.57	0.866718
-24.58	0.866715
-24.59	0.866712
-24.6	0.86671
-24.61	0.866707
-24.62	0.866704
-24.63	0.866701
-24.64	0.866698
-24.65	0.866695
-24.66	0.866692
-24.67	0.866689
-24.68	0.866686
-24.69	0.866683
-24.7	0.86668
-24.71	0.866677
-24.72	0.866674
-24.73	0.866672
-24.74	0.866669
-24.75	0.866666
-24.76	0.866663
-24.77	0.86666
-24.78	0.866657
-24.79	0.866654
-24.8	0.866651
-24.81	0.866648
-24.82	0.866645
-24.83	0.866643
-24.84	0.86664
-24.85	0.866637
-24.86	0.866634
-24.87	0.866631
-24.88	0.866628
-24.89	0.866625
-24.9	0.866622
-24.91	0.86662
-24.92	0.866617
-24.93	0.866614
-24.94	0.866611
-24.95	0.866608
-24.96	0.866605
-24.97	0.866602
-24.98	0.8666
-24.99	0.866597
-25	0.866594
-25.01	0.866591
-25.02	0.866588
-25.03	0.866585
-25.04	0.866583
-25.05	0.86658
-25.06	0.866577
-25.07	0.866574
-25.08	0.866571
-25.09	0.866568
-25.1	0.866566
-25.11	0.866563
-25.12	0.86656
-25.13	0.866557
-25.14	0.866554
-25.15	0.866551
-25.16	0.866549
-25.17	0.866546
-25.18	0.866543
-25.19	0.86654
-25.2	0.866537
-25.21	0.866535
-25.22	0.866532
-25.23	0.866529
-25.24	0.866526
-25.25	0.866523
-25.26	0.866521
-25.27	0.866518
-25.28	0.866515
-25.29	0.866512
-25.3	0.866509
-25.31	0.866507
-25.32	0.866504
-25.33	0.866501
-25.34	0.866498
-25.35	0.866496
-25.36	0.866493
-25.37	0.86649
-25.38	0.866487
-25.39	0.866485
-25.4	0.866482
-25.41	0.866479
-25.42	0.866476
-25.43	0.866474
-25.44	0.866471
-25.45	0.866468
-25.46	0.866465
-25.47	0.866463
-25.48	0.86646
-25.49	0.866457
-25.5	0.866454
-25.51	0.866452
-25.52	0.866449
-25.53	0.866446
-25.54	0.866443
-25.55	0.866441
-25.56	0.866438
-25.57	0.866435
-25.58	0.866433
-25.59	0.86643
-25.6	0.866427
-25.61	0.866424
-25.62	0.866422
-25.63	0.866419
-25.64	0.866416
-25.65	0.866414
-25.66	0.866411
-25.67	0.866408
-25.68	0.866406
-25.69	0.866403
-25.7	0.8664
-25.71	0.866397
-25.72	0.866395
-25.73	0.866392
-25.74	0.866389
-25.75	0.866387
-25.76	0.866384
-25.77	0.866381
-25.78	0.866379
-25.79	0.866376
-25.8	0.866373
-25.81	0.866371
-25.82	0.866368
-25.83	0.866365
-25.84	0.866363
-25.85	0.86636
-25.86	0.866357
-25.87	0.866355
-25.88	0.866352
-25.89	0.866349
-25.9	0.866347
-25.91	0.866344
-25.92	0.866341
-25.93	0.866339
-25.94	0.866336
-25.95	0.866334
-25.96	0.866331
-25.97	0.866328
-25.98	0.866326
-25.99	0.866323
-26	0.86632
-26.01	0.866318
-26.02	0.866315
-26.03	0.866313
-26.04	0.86631
-26.05	0.866307
-26.06	0.866305
-26.07	0.866302
-26.08	0.866299
-26.09	0.866297
-26.1	0.866294
-26.11	0.866292
-26.12	0.866289
-26.13	0.866286
-26.14	0.866284
-26.15	0.866281
-26.16	0.866279
-26.17	0.866276
-26.18	0.866273
-26.19	0.866271
-26.2	0.866268
-26.21	0.866266
-26.22	0.866263
-26.23	0.86626
-26.24	0.866258
-26.25	0.866255
-26.26	0.866253
-26.27	0.86625
-26.28	0.866248
-26.29	0.866245
-26.3	0.866242
-26.31	0.86624
-26.32	0.866237
-26.33	0.866235
-26.34	0.866232
-26.35	0.86623
-26.36	0.866227
-26.37	0.866224
-26.38	0.866222
-26.39	0.866219
-26.4	0.866217
-26.41	0.866214
-26.42	0.866212
-26.43	0.866209
-26.44	0.866207
-26.45	0.866204
-26.46	0.866202
-26.47	0.866199
-26.48	0.866196
-26.49	0.866194
-26.5	0.866191
-26.51	0.866189
-26.52	0.866186
-26.53	0.866184
-26.54	0.866181
-26.55	0.866179
-26.56	0.866176
-26.57	0.866174
-26.58	0.866171
-26.59	0.866169
-26.6	0.866166
-26.61	0.866164
-26.62	0.866161
-26.63	0.866159
-26.64	0.866156
-26.65	0.866154
-26.66	0.866151
-26.67	0.866149
-26.68	0.866146
-26.69	0.866144
-26.7	0.866141
-26.71	0.866139
-26.72	0.866136
-26.73	0.866134
-26.74	0.866131
-26.75	0.866129
-26.76	0.866126
-26.77	0.866124
-26.78	0.866121
-26.79	0.866119
-26.8	0.866116
-26.81	0.866114
-26.82	0.866111
-26.83	0.866109
-26.84	0.866106
-26.85	0.866104
-26.86	0.866102
-26.87	0.866099
-26.88	0.866097
-26.89	0.866094
-26.9	0.866092
-26.91	0.866089
-26.92	0.866087
-26.93	0.866084
-26.94	0.866082
-26.95	0.866079
-26.96	0.866077
-26.97	0.866075
-26.98	0.866072
-26.99	0.86607
-27	0.866067
-27.01	0.866065
-27.02	0.866062
-27.03	0.86606
-27.04	0.866058
-27.05	0.866055
-27.06	0.866053
-27.07	0.86605
-27.08	0.866048
-27.09	0.866045
-27.1	0.866043
-27.11	0.866041
-27.12	0.866038
-27.13	0.866036
-27.14	0.866033
-27.15	0.866031
-27.16	0.866028
-27.17	0.866026
-27.18	0.866024
-27.19	0.866021
-27.2	0.866019
-27.21	0.866017
-27.22	0.866014
-27.23	0.866012
-27.24	0.866009
-27.25	0.866007
-27.26	0.866005
-27.27	0.866002
-27.28	0.866
-27.29	0.865997
-27.3	0.865995
-27.31	0.865993
-27.32	0.86599
-27.33	0.865988
-27.34	0.865985
-27.35	0.865983
-27.36	0.865981
-27.37	0.865978
-27.38	0.865976
-27.39	0.865974
-27.4	0.865971
-27.41	0.865969
-27.42	0.865966
-27.43	0.865964
-27.44	0.865962
-27.45	0.865959
-27.46	0.865957
-27.47	0.865955
-27.48	0.865952
-27.49	0.86595
-27.5	0.865948
-27.51	0.865945
-27.52	0.865943
-27.53	0.865941
-27.54	0.865938
-27.55	0.865936
-27.56	0.865934
-27.57	0.865931
-27.58	0.865929
-27.59	0.865927
-27.6	0.865924
-27.61	0.865922
-27.62	0.86592
-27.63	0.865917
-27.64	0.865915
-27.65	0.865913
-27.66	0.86591
-27.67	0.865908
-27.68	0.865906
-27.69	0.865903
-27.7	0.865901
-27.71	0.865899
-27.72	0.865896
-27.73	0.865894
-27.74	0.865892
-27.75	0.865889
-27.76	0.865887
-27.77	0.865885
-27.78	0.865883
-27.79	0.86588
-27.8	0.865878
-27.81	0.865876
-27.82	0.865873
-27.83	0.865871
-27.84	0.865869
-27.85	0.865866
-27.86	0.865864
-27.87	0.865862
-27.88	0.86586
-27.89	0.865857
-27.9	0.865855
-27.91	0.865853
-27.92	0.865851
-27.93	0.865848
-27.94	0.865846
-27.95	0.865844
-27.96	0.865841
-27.97	0.865839
-27.98	0.865837
-27.99	0.865835
-28	0.865832
-28.01	0.86583
-28.02	0.865828
-28.03	0.865826
-28.04	0.865823
-28.05	0.865821
-28.06	0.865819
-28.07	0.865817
-28.08	0.865814
-28.09	0.865812
-28.1	0.86581
-28.11	0.865808
-28.12	0.865805
-28.13	0.865803
-28.14	0.865801
-28.15	0.865799
-28.16	0.865796
-28.17	0.865794
-28.18	0.865792
-28.19	0.86579
-28.2	0.865787
-28.21	0.865785
-28.22	0.865783
-28.23	0.865781
-28.24	0.865778
-28.25	0.865776
-28.26	0.865774
-28.27	0.865772
-28.28	0.86577
-28.29	0.865767
-28.3	0.865765
-28.31	0.865763
-28.32	0.865761
-28.33	0.865758
-28.34	0.865756
-28.35	0.865754
-28.36	0.865752
-28.37	0.86575
-28.38	0.865747
-28.39	0.865745
-28.4	0.865743
-28.41	0.865741
-28.42	0.865739
-28.43	0.865736
-28.44	0.865734
-28.45	0.865732
-28.46	0.86573
-28.47	0.865728
-28.48	0.865726
-28.49	0.865723
-28.5	0.865721
-28.51	0.865719
-28.52	0.865717
-28.53	0.865715
-28.54	0.865712
-28.55	0.86571
-28.56	0.865708
-28.57	0.865706
-28.58	0.865704
-28.59	0.865701
-28.6	0.865699
-28.61	0.865697
-28.62	0.865695
-28.63	0.865693
-28.64	0.865691
-28.65	0.865689
-28.66	0.865686
-28.67	0.865684
-28.68	0.865682
-28.69	0.86568
-28.7	0.865678
-28.71	0.865676
-28.72	0.865673
-28.73	0.865671
-28.74	0.865669
-28.75	0.865667
-28.76	0.865665
-28.77	0.865663
-28.78	0.865661
-28.79	0.865658
-28.8	0.865656
-28.81	0.865654
-28.82	0.865652
-28.83	0.86565
-28.84	0.865648
-28.85	0.865646
-28.86	0.865643
-28.87	0.865641
-28.88	0.865639
-28.89	0.865637
-28.9	0.865635
-28.91	0.865633
-28.92	0.865631
-28.93	0.865629
-28.94	0.865626
-28.95	0.865624
-28.96	0.865622
-28.97	0.86562
-28.98	0.865618
-28.99	0.865616
-29	0.865614
-29.01	0.865612
-29.02	0.86561
-29.03	0.865607
-29.04	0.865605
-29.05	0.865603
-29.06	0.865601
-29.07	0.865599
-29.08	0.865597
-29.09	0.865595
-29.1	0.865593
-29.11	0.865591
-29.12	0.865589
-29.13	0.865586
-29.14	0.865584
-29.15	0.865582
-29.16	0.86558
-29.17	0.865578
-29.18	0.865576
-29.19	0.865574
-29.2	0.865572
-29.21	0.86557
-29.22	0.865568
-29.23	0.865566
-29.24	0.865564
-29.25	0.865561
-29.26	0.865559
-29.27	0.865557
-29.28	0.865555
-29.29	0.865553
-29.3	0.865551
-29.31	0.865549
-29.32	0.865547
-29.33	0.865545
-29.34	0.865543
-29.35	0.865541
-29.36	0.865539
-29.37	0.865537
-29.38	0.865535
-29.39	0.865533
-29.4	0.86553
-29.41	0.865528
-29.42	0.865526
-29.43	0.865524
-29.44	0.865522
-29.45	0.86552
-29.46	0.865518
-29.47	0.865516
-29.48	0.865514
-29.49	0.865512
-29.5	0.86551
-29.51	0.865508
-29.52	0.865506
-29.53	0.865504
-29.54	0.865502
-29.55	0.8655
-29.56	0.865498
-29.57	0.865496
-29.58	0.865494
-29.59	0.865492
-29.6	0.86549
-29.61	0.865488
-29.62	0.865486
-29.63	0.865484
-29.64	0.865482
-29.65	0.86548
-29.66	0.865478
-29.67	0.865476
-29.68	0.865474
-29.69	0.865472
-29.7	0.86547
-29.71	0.865468
-29.72	0.865466
-29.73	0.865463
-29.74	0.865462
-29.75	0.86546
-29.76	0.865457
-29.77	0.865456
-29.78	0.865453
-29.79	0.865452
-29.8	0.865449
-29.81	0.865448
-29.82	0.865445
-29.83	0.865444
-29.84	0.865442
-29.85	0.86544
-29.86	0.865438
-29.87	0.865436
-29.88	0.865434
-29.89	0.865432
-29.9	0.86543
-29.91	0.865428
-29.92	0.865426
-29.93	0.865424
-29.94	0.865422
-29.95	0.86542
-29.96	0.865418
-29.97	0.865416
-29.98	0.865414
-29.99	0.865412
-30	0.86541